image_url,scientific_name
https://inaturalist-open-data.s3.amazonaws.com/photos/1357366/medium.jpg,Salvia rosmarinus
https://inaturalist-open-data.s3.amazonaws.com/photos/268603/medium.jpg,Salvia rosmarinus
http://static.inaturalist.org/photos/287351/medium.jpg,Salvia rosmarinus
https://inaturalist-open-data.s3.amazonaws.com/photos/493637/medium.jpg,Salvia rosmarinus
https://inaturalist-open-data.s3.amazonaws.com/photos/543710/medium.jpg,Salvia rosmarinus
https://inaturalist-open-data.s3.amazonaws.com/photos/678082/medium.JPG,Salvia rosmarinus
http://static.inaturalist.org/photos/683337/medium.jpg,Salvia rosmarinus
https://inaturalist-open-data.s3.amazonaws.com/photos/722867/medium.jpg,Salvia rosmarinus
https://inaturalist-open-data.s3.amazonaws.com/photos/1134072/medium.jpg,Salvia rosmarinus
http://static.inaturalist.org/photos/1207002/medium.,Salvia rosmarinus
http://static.inaturalist.org/photos/1207095/medium.,Salvia rosmarinus
http://static.inaturalist.org/photos/1290691/medium.jpg,Salvia rosmarinus
http://static.inaturalist.org/photos/1598676/medium.JPG,Salvia rosmarinus
https://inaturalist-open-data.s3.amazonaws.com/photos/2040590/medium.jpg,Salvia rosmarinus
http://static.inaturalist.org/photos/2050586/medium.jpg,Salvia rosmarinus
https://inaturalist-open-data.s3.amazonaws.com/photos/2120538/medium.jpg,Salvia rosmarinus
https://inaturalist-open-data.s3.amazonaws.com/photos/2358185/medium.jpg,Salvia rosmarinus
http://static.inaturalist.org/photos/2410181/medium.jpg,Salvia rosmarinus
https://inaturalist-open-data.s3.amazonaws.com/photos/2559615/medium.jpg,Salvia rosmarinus
https://inaturalist-open-data.s3.amazonaws.com/photos/2559621/medium.jpg,Salvia rosmarinus
https://inaturalist-open-data.s3.amazonaws.com/photos/2876885/medium.jpg,Salvia rosmarinus
https://inaturalist-open-data.s3.amazonaws.com/photos/2954033/medium.jpg,Salvia rosmarinus
https://inaturalist-open-data.s3.amazonaws.com/photos/3034936/medium.JPG,Salvia rosmarinus
https://inaturalist-open-data.s3.amazonaws.com/photos/3055397/medium.JPG,Salvia rosmarinus
https://inaturalist-open-data.s3.amazonaws.com/photos/3059627/medium.jpg,Salvia rosmarinus
https://inaturalist-open-data.s3.amazonaws.com/photos/3236580/medium.jpg,Salvia rosmarinus
https://inaturalist-open-data.s3.amazonaws.com/photos/3242280/medium.JPG,Salvia rosmarinus
http://static.inaturalist.org/photos/3311245/medium.jpeg,Salvia rosmarinus
https://inaturalist-open-data.s3.amazonaws.com/photos/3353938/medium.JPG,Salvia rosmarinus
http://static.inaturalist.org/photos/3415850/medium.JPG,Salvia rosmarinus
https://inaturalist-open-data.s3.amazonaws.com/photos/3462503/medium.jpg,Salvia rosmarinus
https://inaturalist-open-data.s3.amazonaws.com/photos/3475181/medium.jpg,Salvia rosmarinus
https://inaturalist-open-data.s3.amazonaws.com/photos/3477964/medium.jpg,Salvia rosmarinus
https://inaturalist-open-data.s3.amazonaws.com/photos/3486545/medium.jpg,Salvia rosmarinus
https://inaturalist-open-data.s3.amazonaws.com/photos/3617085/medium.jpg,Salvia rosmarinus
https://inaturalist-open-data.s3.amazonaws.com/photos/3717522/medium.JPG,Salvia rosmarinus
http://static.inaturalist.org/photos/4472147/medium.jpeg,Salvia rosmarinus
https://inaturalist-open-data.s3.amazonaws.com/photos/4588288/medium.jpg,Salvia rosmarinus
https://inaturalist-open-data.s3.amazonaws.com/photos/4953732/medium.jpeg,Salvia rosmarinus
https://inaturalist-open-data.s3.amazonaws.com/photos/4976785/medium.jpeg,Salvia rosmarinus
https://inaturalist-open-data.s3.amazonaws.com/photos/5031851/medium.jpeg,Salvia rosmarinus
https://inaturalist-open-data.s3.amazonaws.com/photos/5112787/medium.jpg,Salvia rosmarinus
https://inaturalist-open-data.s3.amazonaws.com/photos/5100134/medium.jpeg,Salvia rosmarinus
https://inaturalist-open-data.s3.amazonaws.com/photos/5128569/medium.jpeg,Salvia rosmarinus
https://inaturalist-open-data.s3.amazonaws.com/photos/5182919/medium.jpg,Salvia rosmarinus
https://inaturalist-open-data.s3.amazonaws.com/photos/5638770/medium.jpeg,Salvia rosmarinus
https://inaturalist-open-data.s3.amazonaws.com/photos/5634899/medium.jpg,Salvia rosmarinus
https://inaturalist-open-data.s3.amazonaws.com/photos/5799227/medium.jpg,Salvia rosmarinus
https://static.inaturalist.org/photos/5852877/medium.jpeg,Salvia rosmarinus
https://inaturalist-open-data.s3.amazonaws.com/photos/5922806/medium.jpeg,Salvia rosmarinus
https://inaturalist-open-data.s3.amazonaws.com/photos/6007908/medium.jpg,Salvia rosmarinus
https://static.inaturalist.org/photos/6034794/medium.jpeg,Salvia rosmarinus
https://inaturalist-open-data.s3.amazonaws.com/photos/6176876/medium.jpeg,Salvia rosmarinus
https://inaturalist-open-data.s3.amazonaws.com/photos/6242696/medium.jpg,Salvia rosmarinus
https://inaturalist-open-data.s3.amazonaws.com/photos/6263108/medium.jpg,Salvia rosmarinus
https://static.inaturalist.org/photos/6280501/medium.jpg,Salvia rosmarinus
https://inaturalist-open-data.s3.amazonaws.com/photos/6364005/medium.jpeg,Salvia rosmarinus
https://inaturalist-open-data.s3.amazonaws.com/photos/6528918/medium.jpg,Salvia rosmarinus
https://inaturalist-open-data.s3.amazonaws.com/photos/6571458/medium.jpeg,Salvia rosmarinus
https://inaturalist-open-data.s3.amazonaws.com/photos/6733114/medium.jpeg,Salvia rosmarinus
https://inaturalist-open-data.s3.amazonaws.com/photos/6789313/medium.jpeg,Salvia rosmarinus
https://inaturalist-open-data.s3.amazonaws.com/photos/6835293/medium.jpg,Salvia rosmarinus
https://inaturalist-open-data.s3.amazonaws.com/photos/6969891/medium.jpeg,Salvia rosmarinus
https://inaturalist-open-data.s3.amazonaws.com/photos/7080498/medium.jpeg,Salvia rosmarinus
https://static.inaturalist.org/photos/7308868/medium.jpeg,Salvia rosmarinus
https://inaturalist-open-data.s3.amazonaws.com/photos/7341173/medium.jpeg,Salvia rosmarinus
https://inaturalist-open-data.s3.amazonaws.com/photos/7348906/medium.jpg,Salvia rosmarinus
https://static.inaturalist.org/photos/7385119/medium.jpg,Salvia rosmarinus
https://inaturalist-open-data.s3.amazonaws.com/photos/7498803/medium.jpeg,Salvia rosmarinus
https://inaturalist-open-data.s3.amazonaws.com/photos/7697607/medium.jpeg,Salvia rosmarinus
https://inaturalist-open-data.s3.amazonaws.com/photos/7707633/medium.jpg,Salvia rosmarinus
https://inaturalist-open-data.s3.amazonaws.com/photos/7704601/medium.jpeg,Salvia rosmarinus
https://static.inaturalist.org/photos/7706889/medium.jpg,Salvia rosmarinus
https://inaturalist-open-data.s3.amazonaws.com/photos/7938458/medium.jpg,Salvia rosmarinus
https://inaturalist-open-data.s3.amazonaws.com/photos/8070166/medium.jpeg,Salvia rosmarinus
https://inaturalist-open-data.s3.amazonaws.com/photos/8070211/medium.jpeg,Salvia rosmarinus
https://inaturalist-open-data.s3.amazonaws.com/photos/8320642/medium.jpeg,Salvia rosmarinus
https://inaturalist-open-data.s3.amazonaws.com/photos/8722303/medium.jpeg,Salvia rosmarinus
https://inaturalist-open-data.s3.amazonaws.com/photos/8869712/medium.jpeg,Salvia rosmarinus
https://inaturalist-open-data.s3.amazonaws.com/photos/9184550/medium.jpg,Salvia rosmarinus
https://inaturalist-open-data.s3.amazonaws.com/photos/9190569/medium.jpg,Salvia rosmarinus
https://inaturalist-open-data.s3.amazonaws.com/photos/9322303/medium.jpeg,Salvia rosmarinus
https://static.inaturalist.org/photos/9501415/medium.jpg,Salvia rosmarinus
https://static.inaturalist.org/photos/9639461/medium.jpeg,Salvia rosmarinus
https://inaturalist-open-data.s3.amazonaws.com/photos/10003368/medium.jpg,Salvia rosmarinus
https://static.inaturalist.org/photos/10018608/medium.jpg,Salvia rosmarinus
https://inaturalist-open-data.s3.amazonaws.com/photos/10133438/medium.jpeg,Salvia rosmarinus
https://inaturalist-open-data.s3.amazonaws.com/photos/10301764/medium.jpeg,Salvia rosmarinus
https://static.inaturalist.org/photos/10308666/medium.jpg,Salvia rosmarinus
https://inaturalist-open-data.s3.amazonaws.com/photos/10571786/medium.jpeg,Salvia rosmarinus
https://static.inaturalist.org/photos/10602652/medium.jpeg,Salvia rosmarinus
https://inaturalist-open-data.s3.amazonaws.com/photos/10899663/medium.jpg,Salvia rosmarinus
https://inaturalist-open-data.s3.amazonaws.com/photos/11089102/medium.jpeg,Salvia rosmarinus
https://inaturalist-open-data.s3.amazonaws.com/photos/11228080/medium.jpeg,Salvia rosmarinus
https://inaturalist-open-data.s3.amazonaws.com/photos/11304232/medium.jpg,Salvia rosmarinus
https://inaturalist-open-data.s3.amazonaws.com/photos/11331584/medium.jpeg,Salvia rosmarinus
https://inaturalist-open-data.s3.amazonaws.com/photos/11332216/medium.jpeg,Salvia rosmarinus
https://static.inaturalist.org/photos/11344662/medium.jpg,Salvia rosmarinus
https://static.inaturalist.org/photos/11462226/medium.jpeg,Salvia rosmarinus
https://inaturalist-open-data.s3.amazonaws.com/photos/11551443/medium.jpeg,Salvia rosmarinus
https://inaturalist-open-data.s3.amazonaws.com/photos/11652610/medium.jpeg,Salvia rosmarinus
https://inaturalist-open-data.s3.amazonaws.com/photos/11842297/medium.jpeg,Salvia rosmarinus
https://static.inaturalist.org/photos/11909798/medium.jpeg,Salvia rosmarinus
https://inaturalist-open-data.s3.amazonaws.com/photos/12145091/medium.jpeg,Salvia rosmarinus
https://static.inaturalist.org/photos/12463391/medium.jpg,Salvia rosmarinus
https://static.inaturalist.org/photos/12457484/medium.jpg,Salvia rosmarinus
https://inaturalist-open-data.s3.amazonaws.com/photos/12488403/medium.jpeg,Salvia rosmarinus
https://inaturalist-open-data.s3.amazonaws.com/photos/12622032/medium.jpeg,Salvia rosmarinus
https://inaturalist-open-data.s3.amazonaws.com/photos/12666887/medium.jpeg,Salvia rosmarinus
https://static.inaturalist.org/photos/12725406/medium.jpg,Salvia rosmarinus
https://static.inaturalist.org/photos/12760566/medium.jpeg,Salvia rosmarinus
https://inaturalist-open-data.s3.amazonaws.com/photos/12887876/medium.jpg,Salvia rosmarinus
https://static.inaturalist.org/photos/12910948/medium.jpeg,Salvia rosmarinus
https://inaturalist-open-data.s3.amazonaws.com/photos/13065115/medium.jpeg,Salvia rosmarinus
https://inaturalist-open-data.s3.amazonaws.com/photos/13095783/medium.jpeg,Salvia rosmarinus
https://static.inaturalist.org/photos/13131154/medium.jpeg,Salvia rosmarinus
https://inaturalist-open-data.s3.amazonaws.com/photos/13170948/medium.jpeg,Salvia rosmarinus
https://static.inaturalist.org/photos/13234982/medium.jpeg,Salvia rosmarinus
https://inaturalist-open-data.s3.amazonaws.com/photos/13403859/medium.jpeg,Salvia rosmarinus
https://inaturalist-open-data.s3.amazonaws.com/photos/13403861/medium.jpeg,Salvia rosmarinus
https://static.inaturalist.org/photos/13887984/medium.jpeg,Salvia rosmarinus
https://inaturalist-open-data.s3.amazonaws.com/photos/13956458/medium.jpg,Salvia rosmarinus
https://static.inaturalist.org/photos/13962432/medium.jpg,Salvia rosmarinus
https://inaturalist-open-data.s3.amazonaws.com/photos/14047505/medium.jpg,Salvia rosmarinus
https://inaturalist-open-data.s3.amazonaws.com/photos/14048377/medium.jpeg,Salvia rosmarinus
https://inaturalist-open-data.s3.amazonaws.com/photos/14066034/medium.jpg,Salvia rosmarinus
https://static.inaturalist.org/photos/14090279/medium.jpeg,Salvia rosmarinus
https://inaturalist-open-data.s3.amazonaws.com/photos/14091261/medium.jpeg,Salvia rosmarinus
https://inaturalist-open-data.s3.amazonaws.com/photos/14217471/medium.jpg,Salvia rosmarinus
https://static.inaturalist.org/photos/14268915/medium.jpeg,Salvia rosmarinus
https://static.inaturalist.org/photos/14272095/medium.jpg,Salvia rosmarinus
https://static.inaturalist.org/photos/14272097/medium.jpg,Salvia rosmarinus
https://inaturalist-open-data.s3.amazonaws.com/photos/14281066/medium.jpeg,Salvia rosmarinus
https://static.inaturalist.org/photos/14299288/medium.jpg,Salvia rosmarinus
https://inaturalist-open-data.s3.amazonaws.com/photos/14456800/medium.jpeg,Salvia rosmarinus
https://inaturalist-open-data.s3.amazonaws.com/photos/14473391/medium.jpeg,Salvia rosmarinus
https://inaturalist-open-data.s3.amazonaws.com/photos/14504581/medium.jpeg,Salvia rosmarinus
https://inaturalist-open-data.s3.amazonaws.com/photos/14504878/medium.jpeg,Salvia rosmarinus
https://static.inaturalist.org/photos/14522466/medium.jpeg,Salvia rosmarinus
https://inaturalist-open-data.s3.amazonaws.com/photos/14555441/medium.jpg,Salvia rosmarinus
https://inaturalist-open-data.s3.amazonaws.com/photos/14558961/medium.jpg,Salvia rosmarinus
https://inaturalist-open-data.s3.amazonaws.com/photos/14559181/medium.jpg,Salvia rosmarinus
https://inaturalist-open-data.s3.amazonaws.com/photos/14582369/medium.jpg,Salvia rosmarinus
https://static.inaturalist.org/photos/14587629/medium.jpg,Salvia rosmarinus
https://inaturalist-open-data.s3.amazonaws.com/photos/14614666/medium.jpg,Salvia rosmarinus
https://static.inaturalist.org/photos/14684796/medium.jpg,Salvia rosmarinus
https://inaturalist-open-data.s3.amazonaws.com/photos/14698507/medium.jpg,Salvia rosmarinus
https://static.inaturalist.org/photos/14775855/medium.jpg,Salvia rosmarinus
https://inaturalist-open-data.s3.amazonaws.com/photos/14815328/medium.jpg,Salvia rosmarinus
https://inaturalist-open-data.s3.amazonaws.com/photos/14817949/medium.jpeg,Salvia rosmarinus
https://inaturalist-open-data.s3.amazonaws.com/photos/14818218/medium.jpeg,Salvia rosmarinus
https://inaturalist-open-data.s3.amazonaws.com/photos/14818445/medium.jpeg,Salvia rosmarinus
https://inaturalist-open-data.s3.amazonaws.com/photos/14883354/medium.jpg,Salvia rosmarinus
https://static.inaturalist.org/photos/14898008/medium.jpg,Salvia rosmarinus
https://static.inaturalist.org/photos/14939856/medium.jpeg,Salvia rosmarinus
https://inaturalist-open-data.s3.amazonaws.com/photos/14944676/medium.jpeg,Salvia rosmarinus
https://static.inaturalist.org/photos/14945953/medium.jpg,Salvia rosmarinus
https://inaturalist-open-data.s3.amazonaws.com/photos/15035730/medium.jpg,Salvia rosmarinus
https://static.inaturalist.org/photos/15067924/medium.jpg,Salvia rosmarinus
https://inaturalist-open-data.s3.amazonaws.com/photos/15087912/medium.jpg,Salvia rosmarinus
https://static.inaturalist.org/photos/15122032/medium.jpeg,Salvia rosmarinus
https://static.inaturalist.org/photos/15424696/medium.jpeg,Salvia rosmarinus
https://inaturalist-open-data.s3.amazonaws.com/photos/15633972/medium.jpeg,Salvia rosmarinus
https://inaturalist-open-data.s3.amazonaws.com/photos/15744171/medium.jpeg,Salvia rosmarinus
https://static.inaturalist.org/photos/15858566/medium.jpg,Salvia rosmarinus
https://static.inaturalist.org/photos/16108125/medium.jpg,Salvia rosmarinus
https://static.inaturalist.org/photos/16108336/medium.jpg,Salvia rosmarinus
https://inaturalist-open-data.s3.amazonaws.com/photos/16115448/medium.jpeg,Salvia rosmarinus
https://static.inaturalist.org/photos/16149875/medium.jpg,Salvia rosmarinus
https://inaturalist-open-data.s3.amazonaws.com/photos/16224112/medium.jpeg,Salvia rosmarinus
https://inaturalist-open-data.s3.amazonaws.com/photos/16241664/medium.jpeg,Salvia rosmarinus
https://static.inaturalist.org/photos/16242395/medium.jpg,Salvia rosmarinus
https://static.inaturalist.org/photos/16275077/medium.jpg,Salvia rosmarinus
https://inaturalist-open-data.s3.amazonaws.com/photos/16335264/medium.jpg,Salvia rosmarinus
https://static.inaturalist.org/photos/16466763/medium.jpg,Salvia rosmarinus
https://static.inaturalist.org/photos/16554421/medium.jpg,Salvia rosmarinus
https://inaturalist-open-data.s3.amazonaws.com/photos/16561907/medium.jpeg,Salvia rosmarinus
https://inaturalist-open-data.s3.amazonaws.com/photos/16564702/medium.jpeg,Salvia rosmarinus
https://static.inaturalist.org/photos/16587271/medium.jpeg,Salvia rosmarinus
https://static.inaturalist.org/photos/16623828/medium.jpg,Salvia rosmarinus
https://static.inaturalist.org/photos/16826703/medium.jpg,Salvia rosmarinus
https://static.inaturalist.org/photos/16855369/medium.jpeg,Salvia rosmarinus
https://static.inaturalist.org/photos/17024471/medium.jpg,Salvia rosmarinus
https://static.inaturalist.org/photos/17186754/medium.jpg,Salvia rosmarinus
https://static.inaturalist.org/photos/17196951/medium.jpg,Salvia rosmarinus
https://static.inaturalist.org/photos/17251422/medium.jpg,Salvia rosmarinus
https://static.inaturalist.org/photos/17313719/medium.jpg,Salvia rosmarinus
https://static.inaturalist.org/photos/17388905/medium.jpg,Salvia rosmarinus
https://inaturalist-open-data.s3.amazonaws.com/photos/17591037/medium.jpeg,Salvia rosmarinus
https://inaturalist-open-data.s3.amazonaws.com/photos/17677869/medium.jpeg,Salvia rosmarinus
https://inaturalist-open-data.s3.amazonaws.com/photos/17679012/medium.jpeg,Salvia rosmarinus
https://static.inaturalist.org/photos/17779268/medium.jpg,Salvia rosmarinus
https://inaturalist-open-data.s3.amazonaws.com/photos/17836035/medium.jpeg,Salvia rosmarinus
https://static.inaturalist.org/photos/18220469/medium.jpg,Salvia rosmarinus
https://static.inaturalist.org/photos/18228358/medium.jpg,Salvia rosmarinus
https://static.inaturalist.org/photos/22840634/medium.jpg,Salvia rosmarinus
https://inaturalist-open-data.s3.amazonaws.com/photos/18517210/medium.jpeg,Salvia rosmarinus
https://static.inaturalist.org/photos/18649047/medium.jpeg,Salvia rosmarinus
https://static.inaturalist.org/photos/18824770/medium.jpg,Salvia rosmarinus
https://static.inaturalist.org/photos/18907512/medium.jpg,Salvia rosmarinus
https://inaturalist-open-data.s3.amazonaws.com/photos/18977045/medium.jpeg,Salvia rosmarinus
https://static.inaturalist.org/photos/19033299/medium.jpg,Salvia rosmarinus
https://static.inaturalist.org/photos/19037225/medium.jpg,Salvia rosmarinus
https://inaturalist-open-data.s3.amazonaws.com/photos/19063414/medium.jpeg,Salvia rosmarinus
https://inaturalist-open-data.s3.amazonaws.com/photos/19430058/medium.jpeg,Salvia rosmarinus
https://inaturalist-open-data.s3.amazonaws.com/photos/19443194/medium.jpeg,Salvia rosmarinus
https://static.inaturalist.org/photos/19480376/medium.jpg,Salvia rosmarinus
https://inaturalist-open-data.s3.amazonaws.com/photos/20123781/medium.jpeg,Salvia rosmarinus
https://static.inaturalist.org/photos/20508148/medium.jpeg,Salvia rosmarinus
https://static.inaturalist.org/photos/20664765/medium.jpeg,Salvia rosmarinus
https://static.inaturalist.org/photos/20684488/medium.jpeg,Salvia rosmarinus
https://static.inaturalist.org/photos/20672337/medium.jpeg,Salvia rosmarinus
https://static.inaturalist.org/photos/20826686/medium.jpg,Salvia rosmarinus
https://static.inaturalist.org/photos/20912809/medium.jpeg,Salvia rosmarinus
https://inaturalist-open-data.s3.amazonaws.com/photos/21068344/medium.jpg,Salvia rosmarinus
https://inaturalist-open-data.s3.amazonaws.com/photos/21068682/medium.jpg,Salvia rosmarinus
https://inaturalist-open-data.s3.amazonaws.com/photos/21216119/medium.jpg,Salvia rosmarinus
https://inaturalist-open-data.s3.amazonaws.com/photos/21255922/medium.jpg,Salvia rosmarinus
https://static.inaturalist.org/photos/21711812/medium.jpg,Salvia rosmarinus
https://static.inaturalist.org/photos/21789734/medium.jpg,Salvia rosmarinus
https://static.inaturalist.org/photos/21858748/medium.jpeg,Salvia rosmarinus
https://static.inaturalist.org/photos/21859100/medium.jpeg,Salvia rosmarinus
https://static.inaturalist.org/photos/21859144/medium.jpeg,Salvia rosmarinus
https://static.inaturalist.org/photos/21874375/medium.jpeg,Salvia rosmarinus
https://static.inaturalist.org/photos/21875003/medium.jpeg,Salvia rosmarinus
https://inaturalist-open-data.s3.amazonaws.com/photos/21916707/medium.jpeg,Salvia rosmarinus
https://static.inaturalist.org/photos/22008764/medium.jpeg,Salvia rosmarinus
https://static.inaturalist.org/photos/22016534/medium.jpeg,Salvia rosmarinus
https://static.inaturalist.org/photos/22026453/medium.jpeg,Salvia rosmarinus
https://static.inaturalist.org/photos/22035334/medium.jpeg,Salvia rosmarinus
https://static.inaturalist.org/photos/22035506/medium.jpeg,Salvia rosmarinus
https://static.inaturalist.org/photos/22040722/medium.jpeg,Salvia rosmarinus
https://static.inaturalist.org/photos/22041979/medium.jpeg,Salvia rosmarinus
https://static.inaturalist.org/photos/22048221/medium.jpeg,Salvia rosmarinus
https://static.inaturalist.org/photos/22048579/medium.jpeg,Salvia rosmarinus
https://static.inaturalist.org/photos/22050720/medium.jpeg,Salvia rosmarinus
https://static.inaturalist.org/photos/22051868/medium.jpeg,Salvia rosmarinus
https://static.inaturalist.org/photos/22053076/medium.jpeg,Salvia rosmarinus
https://static.inaturalist.org/photos/22054167/medium.jpeg,Salvia rosmarinus
https://static.inaturalist.org/photos/22054609/medium.jpeg,Salvia rosmarinus
https://static.inaturalist.org/photos/22057793/medium.jpeg,Salvia rosmarinus
https://static.inaturalist.org/photos/22058877/medium.jpeg,Salvia rosmarinus
https://static.inaturalist.org/photos/22061608/medium.jpeg,Salvia rosmarinus
https://static.inaturalist.org/photos/22103181/medium.jpeg,Salvia rosmarinus
https://static.inaturalist.org/photos/22125293/medium.jpeg,Salvia rosmarinus
https://static.inaturalist.org/photos/22125965/medium.jpeg,Salvia rosmarinus
https://static.inaturalist.org/photos/22131202/medium.jpeg,Salvia rosmarinus
https://static.inaturalist.org/photos/22131777/medium.jpeg,Salvia rosmarinus
https://static.inaturalist.org/photos/22131804/medium.jpeg,Salvia rosmarinus
https://static.inaturalist.org/photos/22131835/medium.jpeg,Salvia rosmarinus
https://static.inaturalist.org/photos/22132570/medium.jpeg,Salvia rosmarinus
https://static.inaturalist.org/photos/22132920/medium.jpeg,Salvia rosmarinus
https://static.inaturalist.org/photos/22133045/medium.jpeg,Salvia rosmarinus
https://static.inaturalist.org/photos/22134737/medium.jpeg,Salvia rosmarinus
https://static.inaturalist.org/photos/22136475/medium.jpeg,Salvia rosmarinus
https://static.inaturalist.org/photos/22139212/medium.jpeg,Salvia rosmarinus
https://static.inaturalist.org/photos/22139538/medium.jpeg,Salvia rosmarinus
https://static.inaturalist.org/photos/22145990/medium.jpeg,Salvia rosmarinus
https://static.inaturalist.org/photos/22150207/medium.jpeg,Salvia rosmarinus
https://static.inaturalist.org/photos/22173047/medium.jpeg,Salvia rosmarinus
https://static.inaturalist.org/photos/22174976/medium.jpeg,Salvia rosmarinus
https://static.inaturalist.org/photos/22176380/medium.jpeg,Salvia rosmarinus
https://static.inaturalist.org/photos/22189465/medium.jpeg,Salvia rosmarinus
https://static.inaturalist.org/photos/22189749/medium.jpeg,Salvia rosmarinus
https://static.inaturalist.org/photos/22192465/medium.jpeg,Salvia rosmarinus
https://static.inaturalist.org/photos/22192710/medium.jpeg,Salvia rosmarinus
https://static.inaturalist.org/photos/22195049/medium.jpeg,Salvia rosmarinus
https://static.inaturalist.org/photos/22195551/medium.jpeg,Salvia rosmarinus
https://static.inaturalist.org/photos/22196231/medium.jpeg,Salvia rosmarinus
https://static.inaturalist.org/photos/22196357/medium.jpeg,Salvia rosmarinus
https://static.inaturalist.org/photos/22196559/medium.jpeg,Salvia rosmarinus
https://static.inaturalist.org/photos/22196660/medium.jpeg,Salvia rosmarinus
https://static.inaturalist.org/photos/22201448/medium.jpeg,Salvia rosmarinus
https://static.inaturalist.org/photos/22202877/medium.jpeg,Salvia rosmarinus
https://static.inaturalist.org/photos/22203392/medium.jpeg,Salvia rosmarinus
https://static.inaturalist.org/photos/22203857/medium.jpeg,Salvia rosmarinus
https://static.inaturalist.org/photos/22203988/medium.jpeg,Salvia rosmarinus
https://static.inaturalist.org/photos/22204742/medium.jpeg,Salvia rosmarinus
https://static.inaturalist.org/photos/22205314/medium.jpeg,Salvia rosmarinus
https://static.inaturalist.org/photos/22205651/medium.jpeg,Salvia rosmarinus
https://static.inaturalist.org/photos/22205768/medium.jpeg,Salvia rosmarinus
https://static.inaturalist.org/photos/22205901/medium.jpeg,Salvia rosmarinus
https://static.inaturalist.org/photos/22208409/medium.jpeg,Salvia rosmarinus
https://static.inaturalist.org/photos/22209024/medium.jpeg,Salvia rosmarinus
https://static.inaturalist.org/photos/22220768/medium.jpeg,Salvia rosmarinus
https://static.inaturalist.org/photos/22272504/medium.jpeg,Salvia rosmarinus
https://static.inaturalist.org/photos/22276613/medium.jpeg,Salvia rosmarinus
https://static.inaturalist.org/photos/22277264/medium.jpeg,Salvia rosmarinus
https://static.inaturalist.org/photos/22277680/medium.jpeg,Salvia rosmarinus
https://static.inaturalist.org/photos/22277932/medium.jpeg,Salvia rosmarinus
https://static.inaturalist.org/photos/22278360/medium.jpeg,Salvia rosmarinus
https://static.inaturalist.org/photos/22278464/medium.jpeg,Salvia rosmarinus
https://static.inaturalist.org/photos/22279187/medium.jpeg,Salvia rosmarinus
https://static.inaturalist.org/photos/22280089/medium.jpeg,Salvia rosmarinus
https://static.inaturalist.org/photos/22280702/medium.jpeg,Salvia rosmarinus
https://static.inaturalist.org/photos/22281064/medium.jpeg,Salvia rosmarinus
https://static.inaturalist.org/photos/22281094/medium.jpeg,Salvia rosmarinus
https://static.inaturalist.org/photos/22281106/medium.jpeg,Salvia rosmarinus
https://static.inaturalist.org/photos/22281205/medium.jpeg,Salvia rosmarinus
https://static.inaturalist.org/photos/22281884/medium.jpeg,Salvia rosmarinus
https://static.inaturalist.org/photos/22281899/medium.jpeg,Salvia rosmarinus
https://static.inaturalist.org/photos/22281920/medium.jpeg,Salvia rosmarinus
https://static.inaturalist.org/photos/22282003/medium.jpeg,Salvia rosmarinus
https://static.inaturalist.org/photos/22282450/medium.jpeg,Salvia rosmarinus
https://static.inaturalist.org/photos/22282532/medium.jpeg,Salvia rosmarinus
https://static.inaturalist.org/photos/22283061/medium.jpeg,Salvia rosmarinus
https://static.inaturalist.org/photos/22283483/medium.jpeg,Salvia rosmarinus
https://static.inaturalist.org/photos/22283944/medium.jpeg,Salvia rosmarinus
https://static.inaturalist.org/photos/22284730/medium.jpeg,Salvia rosmarinus
https://static.inaturalist.org/photos/22285569/medium.jpeg,Salvia rosmarinus
https://inaturalist-open-data.s3.amazonaws.com/photos/22422807/medium.jpeg,Salvia rosmarinus
https://static.inaturalist.org/photos/22787906/medium.jpeg,Salvia rosmarinus
https://static.inaturalist.org/photos/22794866/medium.jpeg,Salvia rosmarinus
https://static.inaturalist.org/photos/22795004/medium.jpeg,Salvia rosmarinus
https://static.inaturalist.org/photos/22795160/medium.jpeg,Salvia rosmarinus
https://static.inaturalist.org/photos/22795274/medium.jpeg,Salvia rosmarinus
https://static.inaturalist.org/photos/22795450/medium.jpeg,Salvia rosmarinus
https://static.inaturalist.org/photos/22795462/medium.jpeg,Salvia rosmarinus
https://static.inaturalist.org/photos/22795522/medium.jpeg,Salvia rosmarinus
https://static.inaturalist.org/photos/22795687/medium.jpeg,Salvia rosmarinus
https://static.inaturalist.org/photos/22795695/medium.jpeg,Salvia rosmarinus
https://static.inaturalist.org/photos/22795702/medium.jpeg,Salvia rosmarinus
https://static.inaturalist.org/photos/22795785/medium.jpeg,Salvia rosmarinus
https://static.inaturalist.org/photos/22795788/medium.jpeg,Salvia rosmarinus
https://static.inaturalist.org/photos/22795939/medium.jpeg,Salvia rosmarinus
https://static.inaturalist.org/photos/22796063/medium.jpeg,Salvia rosmarinus
https://static.inaturalist.org/photos/25350506/medium.jpeg,Salvia rosmarinus
https://static.inaturalist.org/photos/25230470/medium.jpeg,Salvia rosmarinus
https://static.inaturalist.org/photos/25185148/medium.jpeg,Salvia rosmarinus
https://static.inaturalist.org/photos/24845614/medium.jpeg,Salvia rosmarinus
https://static.inaturalist.org/photos/22877045/medium.jpeg,Salvia rosmarinus
https://static.inaturalist.org/photos/23109484/medium.jpeg,Salvia rosmarinus
https://inaturalist-open-data.s3.amazonaws.com/photos/23337297/medium.jpeg,Salvia rosmarinus
https://inaturalist-open-data.s3.amazonaws.com/photos/23355718/medium.jpeg,Salvia rosmarinus
https://inaturalist-open-data.s3.amazonaws.com/photos/23374110/medium.jpeg,Salvia rosmarinus
https://inaturalist-open-data.s3.amazonaws.com/photos/23464876/medium.jpg,Salvia rosmarinus
https://static.inaturalist.org/photos/23484001/medium.jpg,Salvia rosmarinus
https://static.inaturalist.org/photos/23688976/medium.jpg,Salvia rosmarinus
https://inaturalist-open-data.s3.amazonaws.com/photos/23702364/medium.jpeg,Salvia rosmarinus
https://inaturalist-open-data.s3.amazonaws.com/photos/23799185/medium.jpeg,Salvia rosmarinus
https://static.inaturalist.org/photos/23950723/medium.jpg,Salvia rosmarinus
https://inaturalist-open-data.s3.amazonaws.com/photos/24102936/medium.jpeg,Salvia rosmarinus
https://inaturalist-open-data.s3.amazonaws.com/photos/24505265/medium.jpeg,Salvia rosmarinus
https://static.inaturalist.org/photos/24527894/medium.jpg,Salvia rosmarinus
https://inaturalist-open-data.s3.amazonaws.com/photos/24574953/medium.jpeg,Salvia rosmarinus
https://inaturalist-open-data.s3.amazonaws.com/photos/24639647/medium.jpeg,Salvia rosmarinus
https://inaturalist-open-data.s3.amazonaws.com/photos/24639796/medium.jpeg,Salvia rosmarinus
https://inaturalist-open-data.s3.amazonaws.com/photos/24640049/medium.jpeg,Salvia rosmarinus
https://static.inaturalist.org/photos/25051017/medium.jpeg,Salvia rosmarinus
https://static.inaturalist.org/photos/25207279/medium.jpeg,Salvia rosmarinus
https://static.inaturalist.org/photos/25216039/medium.jpg,Salvia rosmarinus
https://inaturalist-open-data.s3.amazonaws.com/photos/25262547/medium.jpeg,Salvia rosmarinus
https://static.inaturalist.org/photos/25494829/medium.jpg,Salvia rosmarinus
https://static.inaturalist.org/photos/25634169/medium.jpg,Salvia rosmarinus
https://static.inaturalist.org/photos/25918727/medium.jpeg,Salvia rosmarinus
https://inaturalist-open-data.s3.amazonaws.com/photos/26092994/medium.jpg,Salvia rosmarinus
https://inaturalist-open-data.s3.amazonaws.com/photos/26115220/medium.jpeg,Salvia rosmarinus
https://inaturalist-open-data.s3.amazonaws.com/photos/26335025/medium.jpeg,Salvia rosmarinus
https://inaturalist-open-data.s3.amazonaws.com/photos/26497499/medium.jpg,Salvia rosmarinus
https://static.inaturalist.org/photos/26830942/medium.jpg,Salvia rosmarinus
https://static.inaturalist.org/photos/27246698/medium.jpeg,Salvia rosmarinus
https://inaturalist-open-data.s3.amazonaws.com/photos/27264407/medium.jpeg,Salvia rosmarinus
https://inaturalist-open-data.s3.amazonaws.com/photos/27273504/medium.jpg,Salvia rosmarinus
https://static.inaturalist.org/photos/27341331/medium.jpg,Salvia rosmarinus
https://inaturalist-open-data.s3.amazonaws.com/photos/27540962/medium.jpg,Salvia rosmarinus
https://static.inaturalist.org/photos/27629455/medium.jpg,Salvia rosmarinus
https://static.inaturalist.org/photos/28026057/medium.jpeg,Salvia rosmarinus
https://static.inaturalist.org/photos/28036050/medium.jpg,Salvia rosmarinus
https://static.inaturalist.org/photos/28103876/medium.jpg,Salvia rosmarinus
https://static.inaturalist.org/photos/28206754/medium.jpg,Salvia rosmarinus
https://static.inaturalist.org/photos/28242820/medium.jpg,Salvia rosmarinus
https://inaturalist-open-data.s3.amazonaws.com/photos/28286125/medium.jpg,Salvia rosmarinus
https://static.inaturalist.org/photos/28321557/medium.jpeg,Salvia rosmarinus
https://inaturalist-open-data.s3.amazonaws.com/photos/28328422/medium.jpeg,Salvia rosmarinus
https://static.inaturalist.org/photos/28336143/medium.jpg,Salvia rosmarinus
https://static.inaturalist.org/photos/28361235/medium.jpeg,Salvia rosmarinus
https://inaturalist-open-data.s3.amazonaws.com/photos/28387293/medium.jpg,Salvia rosmarinus
https://inaturalist-open-data.s3.amazonaws.com/photos/28458078/medium.jpg,Salvia rosmarinus
https://static.inaturalist.org/photos/28469901/medium.jpg,Salvia rosmarinus
https://inaturalist-open-data.s3.amazonaws.com/photos/28574444/medium.jpeg,Salvia rosmarinus
https://inaturalist-open-data.s3.amazonaws.com/photos/28661965/medium.jpg,Salvia rosmarinus
https://static.inaturalist.org/photos/28703321/medium.jpg,Salvia rosmarinus
https://static.inaturalist.org/photos/28755847/medium.jpg,Salvia rosmarinus
https://inaturalist-open-data.s3.amazonaws.com/photos/28767788/medium.jpeg,Salvia rosmarinus
https://static.inaturalist.org/photos/28775306/medium.jpeg,Salvia rosmarinus
https://static.inaturalist.org/photos/28832210/medium.jpeg,Salvia rosmarinus
https://inaturalist-open-data.s3.amazonaws.com/photos/28864009/medium.jpeg,Salvia rosmarinus
https://static.inaturalist.org/photos/28894666/medium.jpg,Salvia rosmarinus
https://static.inaturalist.org/photos/28894986/medium.jpg,Salvia rosmarinus
https://static.inaturalist.org/photos/28905885/medium.jpeg,Salvia rosmarinus
https://inaturalist-open-data.s3.amazonaws.com/photos/29004451/medium.jpeg,Salvia rosmarinus
https://static.inaturalist.org/photos/29095850/medium.jpg,Salvia rosmarinus
https://static.inaturalist.org/photos/29105725/medium.jpg,Salvia rosmarinus
https://inaturalist-open-data.s3.amazonaws.com/photos/29256627/medium.jpeg,Salvia rosmarinus
https://static.inaturalist.org/photos/29375306/medium.jpg,Salvia rosmarinus
https://static.inaturalist.org/photos/29442490/medium.jpg,Salvia rosmarinus
https://static.inaturalist.org/photos/29476423/medium.jpg,Salvia rosmarinus
https://inaturalist-open-data.s3.amazonaws.com/photos/29520663/medium.jpeg,Salvia rosmarinus
https://static.inaturalist.org/photos/29547466/medium.jpeg,Salvia rosmarinus
https://inaturalist-open-data.s3.amazonaws.com/photos/29544198/medium.jpeg,Salvia rosmarinus
https://inaturalist-open-data.s3.amazonaws.com/photos/29571001/medium.jpeg,Salvia rosmarinus
https://inaturalist-open-data.s3.amazonaws.com/photos/29606941/medium.jpg,Salvia rosmarinus
https://static.inaturalist.org/photos/29608423/medium.jpg,Salvia rosmarinus
https://static.inaturalist.org/photos/29610125/medium.jpg,Salvia rosmarinus
https://inaturalist-open-data.s3.amazonaws.com/photos/29641996/medium.jpg,Salvia rosmarinus
https://inaturalist-open-data.s3.amazonaws.com/photos/29643816/medium.jpg,Salvia rosmarinus
https://static.inaturalist.org/photos/29674148/medium.jpg,Salvia rosmarinus
https://inaturalist-open-data.s3.amazonaws.com/photos/29725876/medium.jpeg,Salvia rosmarinus
https://static.inaturalist.org/photos/29774658/medium.jpg,Salvia rosmarinus
https://static.inaturalist.org/photos/29814768/medium.jpeg,Salvia rosmarinus
https://static.inaturalist.org/photos/29908718/medium.jpeg,Salvia rosmarinus
https://static.inaturalist.org/photos/29954828/medium.jpg,Salvia rosmarinus
https://inaturalist-open-data.s3.amazonaws.com/photos/29963308/medium.jpeg,Salvia rosmarinus
https://inaturalist-open-data.s3.amazonaws.com/photos/30092897/medium.jpg,Salvia rosmarinus
https://inaturalist-open-data.s3.amazonaws.com/photos/30099151/medium.jpg,Salvia rosmarinus
https://static.inaturalist.org/photos/30107959/medium.jpeg,Salvia rosmarinus
https://static.inaturalist.org/photos/30209488/medium.jpg,Salvia rosmarinus
https://static.inaturalist.org/photos/30632970/medium.jpg,Salvia rosmarinus
https://static.inaturalist.org/photos/30230648/medium.jpg,Salvia rosmarinus
https://static.inaturalist.org/photos/30232400/medium.jpg,Salvia rosmarinus
https://static.inaturalist.org/photos/30247795/medium.jpeg,Salvia rosmarinus
https://static.inaturalist.org/photos/30267896/medium.jpeg,Salvia rosmarinus
https://static.inaturalist.org/photos/30330521/medium.jpeg,Salvia rosmarinus
https://inaturalist-open-data.s3.amazonaws.com/photos/30340599/medium.jpeg,Salvia rosmarinus
https://static.inaturalist.org/photos/30363306/medium.jpeg,Salvia rosmarinus
https://static.inaturalist.org/photos/30400985/medium.jpg,Salvia rosmarinus
https://inaturalist-open-data.s3.amazonaws.com/photos/30408029/medium.jpeg,Salvia rosmarinus
https://inaturalist-open-data.s3.amazonaws.com/photos/30429019/medium.jpg,Salvia rosmarinus
https://inaturalist-open-data.s3.amazonaws.com/photos/30478535/medium.jpg,Salvia rosmarinus
https://static.inaturalist.org/photos/30620328/medium.jpg,Salvia rosmarinus
https://inaturalist-open-data.s3.amazonaws.com/photos/30622503/medium.jpeg,Salvia rosmarinus
https://static.inaturalist.org/photos/30626587/medium.jpeg,Salvia rosmarinus
https://static.inaturalist.org/photos/30674674/medium.jpeg,Salvia rosmarinus
https://static.inaturalist.org/photos/30701993/medium.jpeg,Salvia rosmarinus
https://static.inaturalist.org/photos/30715125/medium.jpeg,Salvia rosmarinus
https://inaturalist-open-data.s3.amazonaws.com/photos/30789552/medium.jpg,Salvia rosmarinus
https://inaturalist-open-data.s3.amazonaws.com/photos/30882452/medium.jpg,Salvia rosmarinus
https://inaturalist-open-data.s3.amazonaws.com/photos/30964608/medium.jpeg,Salvia rosmarinus
https://static.inaturalist.org/photos/30968084/medium.jpg,Salvia rosmarinus
https://static.inaturalist.org/photos/30982009/medium.jpeg,Salvia rosmarinus
https://inaturalist-open-data.s3.amazonaws.com/photos/31006413/medium.jpg,Salvia rosmarinus
https://static.inaturalist.org/photos/31025175/medium.jpeg,Salvia rosmarinus
https://static.inaturalist.org/photos/31025943/medium.jpeg,Salvia rosmarinus
https://static.inaturalist.org/photos/31025949/medium.jpeg,Salvia rosmarinus
https://inaturalist-open-data.s3.amazonaws.com/photos/31034580/medium.jpeg,Salvia rosmarinus
https://static.inaturalist.org/photos/31040772/medium.jpeg,Salvia rosmarinus
https://static.inaturalist.org/photos/31040775/medium.jpeg,Salvia rosmarinus
https://static.inaturalist.org/photos/31040807/medium.jpeg,Salvia rosmarinus
https://inaturalist-open-data.s3.amazonaws.com/photos/31150399/medium.jpeg,Salvia rosmarinus
https://static.inaturalist.org/photos/31178879/medium.jpg,Salvia rosmarinus
https://inaturalist-open-data.s3.amazonaws.com/photos/31230887/medium.jpg,Salvia rosmarinus
https://static.inaturalist.org/photos/31240651/medium.jpeg,Salvia rosmarinus
https://static.inaturalist.org/photos/31256396/medium.jpg,Salvia rosmarinus
https://static.inaturalist.org/photos/31260779/medium.jpg,Salvia rosmarinus
https://inaturalist-open-data.s3.amazonaws.com/photos/31304334/medium.jpg,Salvia rosmarinus
https://inaturalist-open-data.s3.amazonaws.com/photos/31372319/medium.jpg,Salvia rosmarinus
https://static.inaturalist.org/photos/31379908/medium.jpeg,Salvia rosmarinus
https://static.inaturalist.org/photos/31386691/medium.jpg,Salvia rosmarinus
https://inaturalist-open-data.s3.amazonaws.com/photos/31417379/medium.jpeg,Salvia rosmarinus
https://inaturalist-open-data.s3.amazonaws.com/photos/31442777/medium.jpg,Salvia rosmarinus
https://static.inaturalist.org/photos/31479378/medium.jpeg,Salvia rosmarinus
https://inaturalist-open-data.s3.amazonaws.com/photos/31499046/medium.jpg,Salvia rosmarinus
https://inaturalist-open-data.s3.amazonaws.com/photos/31615499/medium.jpg,Salvia rosmarinus
https://static.inaturalist.org/photos/31669932/medium.jpeg,Salvia rosmarinus
https://inaturalist-open-data.s3.amazonaws.com/photos/31690076/medium.jpg,Salvia rosmarinus
https://inaturalist-open-data.s3.amazonaws.com/photos/31732870/medium.jpg,Salvia rosmarinus
https://static.inaturalist.org/photos/32019250/medium.jpeg,Salvia rosmarinus
https://static.inaturalist.org/photos/32049737/medium.jpeg,Salvia rosmarinus
https://inaturalist-open-data.s3.amazonaws.com/photos/32077068/medium.jpg,Salvia rosmarinus
https://inaturalist-open-data.s3.amazonaws.com/photos/32123750/medium.jpg,Salvia rosmarinus
https://static.inaturalist.org/photos/32165568/medium.jpeg,Salvia rosmarinus
https://inaturalist-open-data.s3.amazonaws.com/photos/32166253/medium.jpg,Salvia rosmarinus
https://inaturalist-open-data.s3.amazonaws.com/photos/32235457/medium.jpeg,Salvia rosmarinus
https://inaturalist-open-data.s3.amazonaws.com/photos/32253167/medium.jpeg,Salvia rosmarinus
https://inaturalist-open-data.s3.amazonaws.com/photos/32340320/medium.jpg,Salvia rosmarinus
https://inaturalist-open-data.s3.amazonaws.com/photos/32371632/medium.jpg,Salvia rosmarinus
https://inaturalist-open-data.s3.amazonaws.com/photos/32426537/medium.jpeg,Salvia rosmarinus
https://inaturalist-open-data.s3.amazonaws.com/photos/32517910/medium.jpeg,Salvia rosmarinus
https://inaturalist-open-data.s3.amazonaws.com/photos/32518210/medium.jpeg,Salvia rosmarinus
https://static.inaturalist.org/photos/32519776/medium.jpeg,Salvia rosmarinus
https://inaturalist-open-data.s3.amazonaws.com/photos/32554692/medium.jpg,Salvia rosmarinus
https://static.inaturalist.org/photos/32569696/medium.jpg,Salvia rosmarinus
https://inaturalist-open-data.s3.amazonaws.com/photos/32629809/medium.jpg,Salvia rosmarinus
https://static.inaturalist.org/photos/32647268/medium.jpg,Salvia rosmarinus
https://inaturalist-open-data.s3.amazonaws.com/photos/32647367/medium.jpg,Salvia rosmarinus
https://inaturalist-open-data.s3.amazonaws.com/photos/32658679/medium.jpg,Salvia rosmarinus
https://static.inaturalist.org/photos/32700944/medium.jpg,Salvia rosmarinus
https://inaturalist-open-data.s3.amazonaws.com/photos/32700640/medium.jpg,Salvia rosmarinus
https://inaturalist-open-data.s3.amazonaws.com/photos/32739320/medium.jpeg,Salvia rosmarinus
https://inaturalist-open-data.s3.amazonaws.com/photos/32755620/medium.jpg,Salvia rosmarinus
https://inaturalist-open-data.s3.amazonaws.com/photos/32770839/medium.jpg,Salvia rosmarinus
https://inaturalist-open-data.s3.amazonaws.com/photos/32771257/medium.jpg,Salvia rosmarinus
https://inaturalist-open-data.s3.amazonaws.com/photos/32771377/medium.jpg,Salvia rosmarinus
https://inaturalist-open-data.s3.amazonaws.com/photos/32771573/medium.jpg,Salvia rosmarinus
https://static.inaturalist.org/photos/32772552/medium.jpeg,Salvia rosmarinus
https://static.inaturalist.org/photos/32772890/medium.jpeg,Salvia rosmarinus
https://static.inaturalist.org/photos/32772947/medium.jpeg,Salvia rosmarinus
https://inaturalist-open-data.s3.amazonaws.com/photos/32777477/medium.jpeg,Salvia rosmarinus
https://static.inaturalist.org/photos/32782177/medium.jpeg,Salvia rosmarinus
https://inaturalist-open-data.s3.amazonaws.com/photos/32801478/medium.jpg,Salvia rosmarinus
https://static.inaturalist.org/photos/32827614/medium.jpeg,Salvia rosmarinus
https://static.inaturalist.org/photos/32904867/medium.jpeg,Salvia rosmarinus
https://inaturalist-open-data.s3.amazonaws.com/photos/32924744/medium.jpeg,Salvia rosmarinus
https://static.inaturalist.org/photos/32957100/medium.jpg,Salvia rosmarinus
https://static.inaturalist.org/photos/32960114/medium.jpg,Salvia rosmarinus
https://inaturalist-open-data.s3.amazonaws.com/photos/32996452/medium.jpg,Salvia rosmarinus
https://inaturalist-open-data.s3.amazonaws.com/photos/32999010/medium.jpeg,Salvia rosmarinus
https://static.inaturalist.org/photos/34189491/medium.jpeg,Salvia rosmarinus
https://inaturalist-open-data.s3.amazonaws.com/photos/33029524/medium.jpg,Salvia rosmarinus
https://inaturalist-open-data.s3.amazonaws.com/photos/33083543/medium.jpg,Salvia rosmarinus
https://static.inaturalist.org/photos/33090845/medium.jpeg,Salvia rosmarinus
https://inaturalist-open-data.s3.amazonaws.com/photos/33131813/medium.jpeg,Salvia rosmarinus
https://static.inaturalist.org/photos/33140482/medium.jpg,Salvia rosmarinus
https://static.inaturalist.org/photos/33323224/medium.jpg,Salvia rosmarinus
https://static.inaturalist.org/photos/33355619/medium.jpeg,Salvia rosmarinus
https://inaturalist-open-data.s3.amazonaws.com/photos/33425465/medium.jpeg,Salvia rosmarinus
https://inaturalist-open-data.s3.amazonaws.com/photos/33434431/medium.jpeg,Salvia rosmarinus
https://static.inaturalist.org/photos/33486980/medium.jpg,Salvia rosmarinus
https://static.inaturalist.org/photos/33537708/medium.jpeg,Salvia rosmarinus
https://static.inaturalist.org/photos/33537883/medium.jpg,Salvia rosmarinus
https://static.inaturalist.org/photos/33538011/medium.jpeg,Salvia rosmarinus
https://static.inaturalist.org/photos/33538042/medium.jpg,Salvia rosmarinus
https://inaturalist-open-data.s3.amazonaws.com/photos/33557187/medium.jpg,Salvia rosmarinus
https://static.inaturalist.org/photos/33593883/medium.jpeg,Salvia rosmarinus
https://static.inaturalist.org/photos/33598455/medium.jpeg,Salvia rosmarinus
https://static.inaturalist.org/photos/33651032/medium.jpg,Salvia rosmarinus
https://inaturalist-open-data.s3.amazonaws.com/photos/33651476/medium.jpeg,Salvia rosmarinus
https://static.inaturalist.org/photos/33654493/medium.jpg,Salvia rosmarinus
https://inaturalist-open-data.s3.amazonaws.com/photos/33661843/medium.jpg,Salvia rosmarinus
https://inaturalist-open-data.s3.amazonaws.com/photos/33720818/medium.jpg,Salvia rosmarinus
https://inaturalist-open-data.s3.amazonaws.com/photos/33724287/medium.jpg,Salvia rosmarinus
https://inaturalist-open-data.s3.amazonaws.com/photos/33730831/medium.jpeg,Salvia rosmarinus
https://inaturalist-open-data.s3.amazonaws.com/photos/33805746/medium.jpeg,Salvia rosmarinus
https://inaturalist-open-data.s3.amazonaws.com/photos/33808132/medium.jpeg,Salvia rosmarinus
https://inaturalist-open-data.s3.amazonaws.com/photos/33808186/medium.jpeg,Salvia rosmarinus
https://inaturalist-open-data.s3.amazonaws.com/photos/33833989/medium.jpg,Salvia rosmarinus
https://inaturalist-open-data.s3.amazonaws.com/photos/33832480/medium.jpeg,Salvia rosmarinus
https://inaturalist-open-data.s3.amazonaws.com/photos/33849308/medium.jpg,Salvia rosmarinus
https://inaturalist-open-data.s3.amazonaws.com/photos/33874072/medium.jpg,Salvia rosmarinus
https://static.inaturalist.org/photos/33966269/medium.jpg,Salvia rosmarinus
https://inaturalist-open-data.s3.amazonaws.com/photos/33977009/medium.jpeg,Salvia rosmarinus
https://inaturalist-open-data.s3.amazonaws.com/photos/33978796/medium.jpg,Salvia rosmarinus
https://inaturalist-open-data.s3.amazonaws.com/photos/33998757/medium.jpg,Salvia rosmarinus
https://inaturalist-open-data.s3.amazonaws.com/photos/34007793/medium.jpeg,Salvia rosmarinus
https://static.inaturalist.org/photos/34066860/medium.jpg,Salvia rosmarinus
https://static.inaturalist.org/photos/34111846/medium.jpg,Salvia rosmarinus
https://static.inaturalist.org/photos/34124248/medium.jpeg,Salvia rosmarinus
https://inaturalist-open-data.s3.amazonaws.com/photos/34223710/medium.jpg,Salvia rosmarinus
https://static.inaturalist.org/photos/34277249/medium.jpg,Salvia rosmarinus
https://inaturalist-open-data.s3.amazonaws.com/photos/34283004/medium.jpg,Salvia rosmarinus
https://static.inaturalist.org/photos/34352702/medium.jpg,Salvia rosmarinus
https://static.inaturalist.org/photos/34355648/medium.jpg,Salvia rosmarinus
https://inaturalist-open-data.s3.amazonaws.com/photos/34393192/medium.jpeg,Salvia rosmarinus
https://inaturalist-open-data.s3.amazonaws.com/photos/34526119/medium.jpg,Salvia rosmarinus
https://static.inaturalist.org/photos/34581313/medium.jpeg,Salvia rosmarinus
https://inaturalist-open-data.s3.amazonaws.com/photos/34583863/medium.jpg,Salvia rosmarinus
https://static.inaturalist.org/photos/34701648/medium.jpg,Salvia rosmarinus
https://inaturalist-open-data.s3.amazonaws.com/photos/34750173/medium.jpg,Salvia rosmarinus
https://inaturalist-open-data.s3.amazonaws.com/photos/34779083/medium.jpeg,Salvia rosmarinus
https://static.inaturalist.org/photos/34780331/medium.jpg,Salvia rosmarinus
https://inaturalist-open-data.s3.amazonaws.com/photos/34780350/medium.jpeg,Salvia rosmarinus
https://inaturalist-open-data.s3.amazonaws.com/photos/34892124/medium.jpg,Salvia rosmarinus
https://inaturalist-open-data.s3.amazonaws.com/photos/34795367/medium.jpeg,Salvia rosmarinus
https://inaturalist-open-data.s3.amazonaws.com/photos/34815013/medium.jpg,Salvia rosmarinus
https://inaturalist-open-data.s3.amazonaws.com/photos/34821989/medium.jpeg,Salvia rosmarinus
https://inaturalist-open-data.s3.amazonaws.com/photos/34862128/medium.jpeg,Salvia rosmarinus
https://inaturalist-open-data.s3.amazonaws.com/photos/34880158/medium.jpg,Salvia rosmarinus
https://static.inaturalist.org/photos/34880915/medium.jpg,Salvia rosmarinus
https://inaturalist-open-data.s3.amazonaws.com/photos/34935364/medium.jpg,Salvia rosmarinus
https://inaturalist-open-data.s3.amazonaws.com/photos/34942202/medium.jpg,Salvia rosmarinus
https://static.inaturalist.org/photos/34943399/medium.jpeg,Salvia rosmarinus
https://inaturalist-open-data.s3.amazonaws.com/photos/34943938/medium.jpeg,Salvia rosmarinus
https://inaturalist-open-data.s3.amazonaws.com/photos/35011802/medium.jpg,Salvia rosmarinus
https://static.inaturalist.org/photos/35014678/medium.jpeg,Salvia rosmarinus
https://inaturalist-open-data.s3.amazonaws.com/photos/35015624/medium.jpeg,Salvia rosmarinus
https://inaturalist-open-data.s3.amazonaws.com/photos/35016116/medium.jpg,Salvia rosmarinus
https://static.inaturalist.org/photos/35021031/medium.jpg,Salvia rosmarinus
https://inaturalist-open-data.s3.amazonaws.com/photos/35040011/medium.jpg,Salvia rosmarinus
https://inaturalist-open-data.s3.amazonaws.com/photos/35095727/medium.jpg,Salvia rosmarinus
https://inaturalist-open-data.s3.amazonaws.com/photos/35119756/medium.jpg,Salvia rosmarinus
https://inaturalist-open-data.s3.amazonaws.com/photos/35170093/medium.jpg,Salvia rosmarinus
https://inaturalist-open-data.s3.amazonaws.com/photos/35174900/medium.jpeg,Salvia rosmarinus
https://inaturalist-open-data.s3.amazonaws.com/photos/35176274/medium.jpg,Salvia rosmarinus
https://inaturalist-open-data.s3.amazonaws.com/photos/35178275/medium.jpeg,Salvia rosmarinus
https://inaturalist-open-data.s3.amazonaws.com/photos/35189820/medium.jpg,Salvia rosmarinus
https://static.inaturalist.org/photos/35199877/medium.jpeg,Salvia rosmarinus
https://static.inaturalist.org/photos/35223309/medium.jpeg,Salvia rosmarinus
https://inaturalist-open-data.s3.amazonaws.com/photos/35258299/medium.jpeg,Salvia rosmarinus
https://inaturalist-open-data.s3.amazonaws.com/photos/35259041/medium.jpeg,Salvia rosmarinus
https://inaturalist-open-data.s3.amazonaws.com/photos/35259639/medium.jpeg,Salvia rosmarinus
https://inaturalist-open-data.s3.amazonaws.com/photos/35260729/medium.jpeg,Salvia rosmarinus
https://static.inaturalist.org/photos/35278282/medium.jpeg,Salvia rosmarinus
https://inaturalist-open-data.s3.amazonaws.com/photos/35293665/medium.jpeg,Salvia rosmarinus
https://inaturalist-open-data.s3.amazonaws.com/photos/35297078/medium.jpeg,Salvia rosmarinus
https://inaturalist-open-data.s3.amazonaws.com/photos/35305923/medium.jpeg,Salvia rosmarinus
https://inaturalist-open-data.s3.amazonaws.com/photos/35306466/medium.jpeg,Salvia rosmarinus
https://inaturalist-open-data.s3.amazonaws.com/photos/35343602/medium.jpeg,Salvia rosmarinus
https://inaturalist-open-data.s3.amazonaws.com/photos/35344346/medium.jpg,Salvia rosmarinus
https://inaturalist-open-data.s3.amazonaws.com/photos/35354241/medium.jpg,Salvia rosmarinus
https://static.inaturalist.org/photos/35355119/medium.jpg,Salvia rosmarinus
https://inaturalist-open-data.s3.amazonaws.com/photos/35359042/medium.jpg,Salvia rosmarinus
https://inaturalist-open-data.s3.amazonaws.com/photos/35453214/medium.jpg,Salvia rosmarinus
https://static.inaturalist.org/photos/35477823/medium.jpg,Salvia rosmarinus
https://static.inaturalist.org/photos/35553531/medium.jpg,Salvia rosmarinus
https://static.inaturalist.org/photos/35651468/medium.jpg,Salvia rosmarinus
https://inaturalist-open-data.s3.amazonaws.com/photos/35723796/medium.jpeg,Salvia rosmarinus
https://inaturalist-open-data.s3.amazonaws.com/photos/35732350/medium.jpg,Salvia rosmarinus
https://static.inaturalist.org/photos/35813401/medium.jpeg,Salvia rosmarinus
https://static.inaturalist.org/photos/35824699/medium.jpeg,Salvia rosmarinus
https://inaturalist-open-data.s3.amazonaws.com/photos/35829946/medium.jpeg,Salvia rosmarinus
https://inaturalist-open-data.s3.amazonaws.com/photos/35829992/medium.jpeg,Salvia rosmarinus
https://inaturalist-open-data.s3.amazonaws.com/photos/35831570/medium.jpeg,Salvia rosmarinus
https://static.inaturalist.org/photos/35832234/medium.jpeg,Salvia rosmarinus
https://static.inaturalist.org/photos/35839385/medium.jpg,Salvia rosmarinus
https://inaturalist-open-data.s3.amazonaws.com/photos/35844163/medium.jpg,Salvia rosmarinus
https://static.inaturalist.org/photos/35844249/medium.jpg,Salvia rosmarinus
https://static.inaturalist.org/photos/35847365/medium.jpg,Salvia rosmarinus
https://inaturalist-open-data.s3.amazonaws.com/photos/35861409/medium.jpg,Salvia rosmarinus
https://inaturalist-open-data.s3.amazonaws.com/photos/35903647/medium.jpg,Salvia rosmarinus
https://static.inaturalist.org/photos/36017317/medium.jpeg,Salvia rosmarinus
https://static.inaturalist.org/photos/36031447/medium.jpeg,Salvia rosmarinus
https://static.inaturalist.org/photos/36156147/medium.jpg,Salvia rosmarinus
https://inaturalist-open-data.s3.amazonaws.com/photos/36156364/medium.jpg,Salvia rosmarinus
https://static.inaturalist.org/photos/36162540/medium.jpeg,Salvia rosmarinus
https://inaturalist-open-data.s3.amazonaws.com/photos/36173981/medium.jpg,Salvia rosmarinus
https://static.inaturalist.org/photos/36213688/medium.jpg,Salvia rosmarinus
https://inaturalist-open-data.s3.amazonaws.com/photos/36342322/medium.jpeg,Salvia rosmarinus
https://inaturalist-open-data.s3.amazonaws.com/photos/36535460/medium.jpg,Salvia rosmarinus
https://inaturalist-open-data.s3.amazonaws.com/photos/36541720/medium.jpg,Salvia rosmarinus
https://static.inaturalist.org/photos/36562956/medium.jpeg,Salvia rosmarinus
https://inaturalist-open-data.s3.amazonaws.com/photos/36612849/medium.jpeg,Salvia rosmarinus
https://inaturalist-open-data.s3.amazonaws.com/photos/36648294/medium.jpeg,Salvia rosmarinus
https://inaturalist-open-data.s3.amazonaws.com/photos/36660655/medium.jpeg,Salvia rosmarinus
https://inaturalist-open-data.s3.amazonaws.com/photos/36949654/medium.jpeg,Salvia rosmarinus
https://static.inaturalist.org/photos/37126655/medium.jpg,Salvia rosmarinus
https://inaturalist-open-data.s3.amazonaws.com/photos/37181237/medium.jpeg,Salvia rosmarinus
https://static.inaturalist.org/photos/37267708/medium.jpeg,Salvia rosmarinus
https://static.inaturalist.org/photos/37375150/medium.jpg,Salvia rosmarinus
https://static.inaturalist.org/photos/37377817/medium.jpeg,Salvia rosmarinus
https://static.inaturalist.org/photos/37404741/medium.jpeg,Salvia rosmarinus
https://inaturalist-open-data.s3.amazonaws.com/photos/37426593/medium.jpeg,Salvia rosmarinus
https://inaturalist-open-data.s3.amazonaws.com/photos/37430913/medium.jpeg,Salvia rosmarinus
https://inaturalist-open-data.s3.amazonaws.com/photos/37458236/medium.jpeg,Salvia rosmarinus
https://inaturalist-open-data.s3.amazonaws.com/photos/37595462/medium.jpeg,Salvia rosmarinus
https://inaturalist-open-data.s3.amazonaws.com/photos/37633410/medium.jpeg,Salvia rosmarinus
https://inaturalist-open-data.s3.amazonaws.com/photos/37774046/medium.jpg,Salvia rosmarinus
https://static.inaturalist.org/photos/37776116/medium.jpg,Salvia rosmarinus
https://static.inaturalist.org/photos/37797018/medium.jpg,Salvia rosmarinus
https://static.inaturalist.org/photos/37811798/medium.jpeg,Salvia rosmarinus
https://static.inaturalist.org/photos/37813992/medium.jpeg,Salvia rosmarinus
https://inaturalist-open-data.s3.amazonaws.com/photos/37843465/medium.jpeg,Salvia rosmarinus
https://inaturalist-open-data.s3.amazonaws.com/photos/37886086/medium.jpeg,Salvia rosmarinus
https://inaturalist-open-data.s3.amazonaws.com/photos/37896806/medium.jpg,Salvia rosmarinus
https://static.inaturalist.org/photos/37917230/medium.jpg,Salvia rosmarinus
https://static.inaturalist.org/photos/38007481/medium.jpeg,Salvia rosmarinus
https://inaturalist-open-data.s3.amazonaws.com/photos/38024687/medium.jpg,Salvia rosmarinus
https://inaturalist-open-data.s3.amazonaws.com/photos/38048826/medium.jpeg,Salvia rosmarinus
https://inaturalist-open-data.s3.amazonaws.com/photos/38125343/medium.jpeg,Salvia rosmarinus
https://static.inaturalist.org/photos/38160559/medium.jpg,Salvia rosmarinus
https://static.inaturalist.org/photos/38247442/medium.jpg,Salvia rosmarinus
https://static.inaturalist.org/photos/38314111/medium.jpeg,Salvia rosmarinus
https://inaturalist-open-data.s3.amazonaws.com/photos/38322995/medium.jpeg,Salvia rosmarinus
https://static.inaturalist.org/photos/38335901/medium.jpg,Salvia rosmarinus
https://static.inaturalist.org/photos/38485543/medium.jpg,Salvia rosmarinus
https://inaturalist-open-data.s3.amazonaws.com/photos/38488748/medium.jpeg,Salvia rosmarinus
https://inaturalist-open-data.s3.amazonaws.com/photos/38659796/medium.jpeg,Salvia rosmarinus
https://inaturalist-open-data.s3.amazonaws.com/photos/38778125/medium.jpeg,Salvia rosmarinus
https://inaturalist-open-data.s3.amazonaws.com/photos/38848229/medium.jpg,Salvia rosmarinus
https://static.inaturalist.org/photos/38850926/medium.jpeg,Salvia rosmarinus
https://static.inaturalist.org/photos/38934280/medium.jpg,Salvia rosmarinus
https://inaturalist-open-data.s3.amazonaws.com/photos/38953883/medium.jpeg,Salvia rosmarinus
https://static.inaturalist.org/photos/39042454/medium.jpeg,Salvia rosmarinus
https://inaturalist-open-data.s3.amazonaws.com/photos/39091890/medium.jpeg,Salvia rosmarinus
https://inaturalist-open-data.s3.amazonaws.com/photos/39118952/medium.jpg,Salvia rosmarinus
https://inaturalist-open-data.s3.amazonaws.com/photos/39140900/medium.jpeg,Salvia rosmarinus
https://static.inaturalist.org/photos/39181916/medium.jpeg,Salvia rosmarinus
https://inaturalist-open-data.s3.amazonaws.com/photos/39191859/medium.jpg,Salvia rosmarinus
https://static.inaturalist.org/photos/39570472/medium.jpeg,Salvia rosmarinus
https://inaturalist-open-data.s3.amazonaws.com/photos/39575288/medium.jpeg,Salvia rosmarinus
https://static.inaturalist.org/photos/39782742/medium.jpeg,Salvia rosmarinus
https://inaturalist-open-data.s3.amazonaws.com/photos/39870609/medium.jpg,Salvia rosmarinus
https://inaturalist-open-data.s3.amazonaws.com/photos/39897448/medium.jpeg,Salvia rosmarinus
https://static.inaturalist.org/photos/40021166/medium.jpg,Salvia rosmarinus
https://inaturalist-open-data.s3.amazonaws.com/photos/40117198/medium.jpg,Salvia rosmarinus
https://static.inaturalist.org/photos/40135173/medium.jpg,Salvia rosmarinus
https://inaturalist-open-data.s3.amazonaws.com/photos/40152884/medium.jpg,Salvia rosmarinus
https://inaturalist-open-data.s3.amazonaws.com/photos/40181493/medium.jpg,Salvia rosmarinus
https://static.inaturalist.org/photos/40394816/medium.jpeg,Salvia rosmarinus
https://inaturalist-open-data.s3.amazonaws.com/photos/40556750/medium.jpeg,Salvia rosmarinus
https://static.inaturalist.org/photos/40699771/medium.jpg,Salvia rosmarinus
https://static.inaturalist.org/photos/40853396/medium.jpg,Salvia rosmarinus
https://inaturalist-open-data.s3.amazonaws.com/photos/40958062/medium.jpg,Salvia rosmarinus
https://inaturalist-open-data.s3.amazonaws.com/photos/41132992/medium.jpeg,Salvia rosmarinus
https://static.inaturalist.org/photos/41654682/medium.jpeg,Salvia rosmarinus
https://static.inaturalist.org/photos/41712517/medium.jpg,Salvia rosmarinus
https://static.inaturalist.org/photos/41809974/medium.jpg,Salvia rosmarinus
https://static.inaturalist.org/photos/41812028/medium.jpg,Salvia rosmarinus
https://inaturalist-open-data.s3.amazonaws.com/photos/42019950/medium.jpeg,Salvia rosmarinus
https://inaturalist-open-data.s3.amazonaws.com/photos/42231321/medium.jpg,Salvia rosmarinus
https://inaturalist-open-data.s3.amazonaws.com/photos/42484263/medium.jpeg,Salvia rosmarinus
https://static.inaturalist.org/photos/42720411/medium.jpg,Salvia rosmarinus
https://static.inaturalist.org/photos/42720519/medium.jpg,Salvia rosmarinus
https://static.inaturalist.org/photos/42785241/medium.jpg,Salvia rosmarinus
https://static.inaturalist.org/photos/42833519/medium.jpg,Salvia rosmarinus
https://inaturalist-open-data.s3.amazonaws.com/photos/42918345/medium.jpg,Salvia rosmarinus
https://static.inaturalist.org/photos/43035692/medium.jpg,Salvia rosmarinus
https://static.inaturalist.org/photos/43388603/medium.jpeg,Salvia rosmarinus
https://static.inaturalist.org/photos/43389988/medium.jpeg,Salvia rosmarinus
https://inaturalist-open-data.s3.amazonaws.com/photos/43618907/medium.jpeg,Salvia rosmarinus
https://inaturalist-open-data.s3.amazonaws.com/photos/43728907/medium.jpg,Salvia rosmarinus
https://inaturalist-open-data.s3.amazonaws.com/photos/43748768/medium.jpg,Salvia rosmarinus
https://inaturalist-open-data.s3.amazonaws.com/photos/43977776/medium.jpg,Salvia rosmarinus
https://static.inaturalist.org/photos/43979308/medium.jpeg,Salvia rosmarinus
https://static.inaturalist.org/photos/44084599/medium.jpeg,Salvia rosmarinus
https://static.inaturalist.org/photos/44185640/medium.jpeg,Salvia rosmarinus
https://static.inaturalist.org/photos/44216476/medium.jpg,Salvia rosmarinus
https://static.inaturalist.org/photos/44444334/medium.jpeg,Salvia rosmarinus
https://static.inaturalist.org/photos/44466281/medium.jpeg,Salvia rosmarinus
https://inaturalist-open-data.s3.amazonaws.com/photos/51271191/medium.jpg,Salvia rosmarinus
https://static.inaturalist.org/photos/44854357/medium.jpg,Salvia rosmarinus
https://inaturalist-open-data.s3.amazonaws.com/photos/44973456/medium.jpg,Salvia rosmarinus
https://inaturalist-open-data.s3.amazonaws.com/photos/45582175/medium.jpg,Salvia rosmarinus
https://inaturalist-open-data.s3.amazonaws.com/photos/45874589/medium.jpg,Salvia rosmarinus
https://inaturalist-open-data.s3.amazonaws.com/photos/46045479/medium.jpg,Salvia rosmarinus
https://inaturalist-open-data.s3.amazonaws.com/photos/46266345/medium.jpeg,Salvia rosmarinus
https://inaturalist-open-data.s3.amazonaws.com/photos/46274524/medium.jpg,Salvia rosmarinus
https://inaturalist-open-data.s3.amazonaws.com/photos/46309718/medium.jpg,Salvia rosmarinus
https://inaturalist-open-data.s3.amazonaws.com/photos/46380037/medium.jpg,Salvia rosmarinus
https://inaturalist-open-data.s3.amazonaws.com/photos/46380199/medium.jpg,Salvia rosmarinus
https://inaturalist-open-data.s3.amazonaws.com/photos/46380233/medium.jpg,Salvia rosmarinus
https://inaturalist-open-data.s3.amazonaws.com/photos/46380277/medium.jpg,Salvia rosmarinus
https://inaturalist-open-data.s3.amazonaws.com/photos/46380519/medium.jpg,Salvia rosmarinus
https://inaturalist-open-data.s3.amazonaws.com/photos/46380542/medium.jpg,Salvia rosmarinus
https://inaturalist-open-data.s3.amazonaws.com/photos/46380565/medium.jpg,Salvia rosmarinus
https://inaturalist-open-data.s3.amazonaws.com/photos/46380584/medium.jpg,Salvia rosmarinus
https://inaturalist-open-data.s3.amazonaws.com/photos/46380743/medium.jpg,Salvia rosmarinus
https://inaturalist-open-data.s3.amazonaws.com/photos/46380769/medium.jpg,Salvia rosmarinus
https://inaturalist-open-data.s3.amazonaws.com/photos/46530042/medium.jpg,Salvia rosmarinus
https://inaturalist-open-data.s3.amazonaws.com/photos/46689530/medium.jpg,Salvia rosmarinus
https://inaturalist-open-data.s3.amazonaws.com/photos/47033611/medium.jpeg,Salvia rosmarinus
https://inaturalist-open-data.s3.amazonaws.com/photos/47061157/medium.jpeg,Salvia rosmarinus
https://inaturalist-open-data.s3.amazonaws.com/photos/47079289/medium.jpeg,Salvia rosmarinus
https://inaturalist-open-data.s3.amazonaws.com/photos/47219029/medium.jpg,Salvia rosmarinus
https://inaturalist-open-data.s3.amazonaws.com/photos/47242092/medium.jpeg,Salvia rosmarinus
https://static.inaturalist.org/photos/47423827/medium.jpeg,Salvia rosmarinus
https://static.inaturalist.org/photos/47435179/medium.jpg,Salvia rosmarinus
https://inaturalist-open-data.s3.amazonaws.com/photos/47512238/medium.jpeg,Salvia rosmarinus
https://inaturalist-open-data.s3.amazonaws.com/photos/47513352/medium.jpeg,Salvia rosmarinus
https://static.inaturalist.org/photos/47696866/medium.jpeg,Salvia rosmarinus
https://inaturalist-open-data.s3.amazonaws.com/photos/47758669/medium.jpg,Salvia rosmarinus
https://inaturalist-open-data.s3.amazonaws.com/photos/47879674/medium.jpeg,Salvia rosmarinus
https://inaturalist-open-data.s3.amazonaws.com/photos/48089017/medium.jpeg,Salvia rosmarinus
https://static.inaturalist.org/photos/48162340/medium.jpg,Salvia rosmarinus
https://inaturalist-open-data.s3.amazonaws.com/photos/48221164/medium.jpg,Salvia rosmarinus
https://static.inaturalist.org/photos/48439929/medium.jpg,Salvia rosmarinus
https://inaturalist-open-data.s3.amazonaws.com/photos/48449191/medium.jpg,Salvia rosmarinus
https://inaturalist-open-data.s3.amazonaws.com/photos/48682136/medium.jpg,Salvia rosmarinus
https://inaturalist-open-data.s3.amazonaws.com/photos/48740518/medium.jpg,Salvia rosmarinus
https://static.inaturalist.org/photos/49049993/medium.jpg,Salvia rosmarinus
https://inaturalist-open-data.s3.amazonaws.com/photos/49125446/medium.jpeg,Salvia rosmarinus
https://inaturalist-open-data.s3.amazonaws.com/photos/49277836/medium.jpeg,Salvia rosmarinus
https://inaturalist-open-data.s3.amazonaws.com/photos/49526973/medium.jpg,Salvia rosmarinus
https://inaturalist-open-data.s3.amazonaws.com/photos/49567907/medium.jpeg,Salvia rosmarinus
https://inaturalist-open-data.s3.amazonaws.com/photos/49577479/medium.jpeg,Salvia rosmarinus
https://inaturalist-open-data.s3.amazonaws.com/photos/49681538/medium.jpeg,Salvia rosmarinus
https://static.inaturalist.org/photos/49974502/medium.jpg,Salvia rosmarinus
https://inaturalist-open-data.s3.amazonaws.com/photos/50102401/medium.jpeg,Salvia rosmarinus
https://inaturalist-open-data.s3.amazonaws.com/photos/50211602/medium.jpeg,Salvia rosmarinus
https://inaturalist-open-data.s3.amazonaws.com/photos/50242984/medium.jpeg,Salvia rosmarinus
https://static.inaturalist.org/photos/50246950/medium.jpg,Salvia rosmarinus
https://inaturalist-open-data.s3.amazonaws.com/photos/50311564/medium.jpeg,Salvia rosmarinus
https://static.inaturalist.org/photos/50316889/medium.jpg,Salvia rosmarinus
https://inaturalist-open-data.s3.amazonaws.com/photos/50338984/medium.jpeg,Salvia rosmarinus
https://static.inaturalist.org/photos/50397172/medium.jpeg,Salvia rosmarinus
https://static.inaturalist.org/photos/50741528/medium.jpg,Salvia rosmarinus
https://inaturalist-open-data.s3.amazonaws.com/photos/50822923/medium.jpeg,Salvia rosmarinus
https://inaturalist-open-data.s3.amazonaws.com/photos/51014817/medium.jpg,Salvia rosmarinus
https://inaturalist-open-data.s3.amazonaws.com/photos/51057240/medium.jpeg,Salvia rosmarinus
https://inaturalist-open-data.s3.amazonaws.com/photos/51179164/medium.jpg,Salvia rosmarinus
https://inaturalist-open-data.s3.amazonaws.com/photos/51279618/medium.jpeg,Salvia rosmarinus
https://inaturalist-open-data.s3.amazonaws.com/photos/51286256/medium.jpeg,Salvia rosmarinus
https://inaturalist-open-data.s3.amazonaws.com/photos/51298933/medium.jpeg,Salvia rosmarinus
https://static.inaturalist.org/photos/51395620/medium.jpg,Salvia rosmarinus
https://inaturalist-open-data.s3.amazonaws.com/photos/51497177/medium.jpeg,Salvia rosmarinus
https://inaturalist-open-data.s3.amazonaws.com/photos/51530783/medium.jpeg,Salvia rosmarinus
https://inaturalist-open-data.s3.amazonaws.com/photos/51623833/medium.jpg,Salvia rosmarinus
https://inaturalist-open-data.s3.amazonaws.com/photos/51661082/medium.jpg,Salvia rosmarinus
https://static.inaturalist.org/photos/51681486/medium.jpg,Salvia rosmarinus
https://static.inaturalist.org/photos/51699352/medium.jpg,Salvia rosmarinus
https://inaturalist-open-data.s3.amazonaws.com/photos/51747990/medium.jpeg,Salvia rosmarinus
https://static.inaturalist.org/photos/51787943/medium.jpg,Salvia rosmarinus
https://inaturalist-open-data.s3.amazonaws.com/photos/51800812/medium.jpeg,Salvia rosmarinus
https://inaturalist-open-data.s3.amazonaws.com/photos/51816954/medium.jpg,Salvia rosmarinus
https://static.inaturalist.org/photos/51911834/medium.jpeg,Salvia rosmarinus
https://static.inaturalist.org/photos/51994729/medium.jpeg,Salvia rosmarinus
https://inaturalist-open-data.s3.amazonaws.com/photos/52098613/medium.jpeg,Salvia rosmarinus
https://inaturalist-open-data.s3.amazonaws.com/photos/52142149/medium.jpeg,Salvia rosmarinus
https://inaturalist-open-data.s3.amazonaws.com/photos/52304559/medium.jpg,Salvia rosmarinus
https://inaturalist-open-data.s3.amazonaws.com/photos/52355000/medium.jpeg,Salvia rosmarinus
https://inaturalist-open-data.s3.amazonaws.com/photos/52389065/medium.jpg,Salvia rosmarinus
https://inaturalist-open-data.s3.amazonaws.com/photos/52486480/medium.jpg,Salvia rosmarinus
https://inaturalist-open-data.s3.amazonaws.com/photos/52613207/medium.jpg,Salvia rosmarinus
https://inaturalist-open-data.s3.amazonaws.com/photos/52649869/medium.jpg,Salvia rosmarinus
https://inaturalist-open-data.s3.amazonaws.com/photos/52762450/medium.jpeg,Salvia rosmarinus
https://inaturalist-open-data.s3.amazonaws.com/photos/52765947/medium.jpg,Salvia rosmarinus
https://inaturalist-open-data.s3.amazonaws.com/photos/52794851/medium.jpg,Salvia rosmarinus
https://static.inaturalist.org/photos/52865636/medium.jpg,Salvia rosmarinus
https://inaturalist-open-data.s3.amazonaws.com/photos/52868552/medium.jpeg,Salvia rosmarinus
https://inaturalist-open-data.s3.amazonaws.com/photos/52873647/medium.jpeg,Salvia rosmarinus
https://inaturalist-open-data.s3.amazonaws.com/photos/52946810/medium.jpeg,Salvia rosmarinus
https://inaturalist-open-data.s3.amazonaws.com/photos/53029376/medium.jpg,Salvia rosmarinus
https://inaturalist-open-data.s3.amazonaws.com/photos/53030217/medium.jpeg,Salvia rosmarinus
https://inaturalist-open-data.s3.amazonaws.com/photos/53148666/medium.jpg,Salvia rosmarinus
https://inaturalist-open-data.s3.amazonaws.com/photos/53269311/medium.jpeg,Salvia rosmarinus
https://inaturalist-open-data.s3.amazonaws.com/photos/53276276/medium.jpeg,Salvia rosmarinus
https://static.inaturalist.org/photos/53375087/medium.jpg,Salvia rosmarinus
https://inaturalist-open-data.s3.amazonaws.com/photos/53386887/medium.jpg,Salvia rosmarinus
https://static.inaturalist.org/photos/53389734/medium.jpeg,Salvia rosmarinus
https://inaturalist-open-data.s3.amazonaws.com/photos/53393146/medium.jpg,Salvia rosmarinus
https://inaturalist-open-data.s3.amazonaws.com/photos/53712946/medium.jpeg,Salvia rosmarinus
https://static.inaturalist.org/photos/53789262/medium.jpg,Salvia rosmarinus
https://inaturalist-open-data.s3.amazonaws.com/photos/53968155/medium.jpg,Salvia rosmarinus
https://inaturalist-open-data.s3.amazonaws.com/photos/53816900/medium.jpg,Salvia rosmarinus
https://static.inaturalist.org/photos/53874661/medium.jpg,Salvia rosmarinus
https://inaturalist-open-data.s3.amazonaws.com/photos/53876897/medium.jpg,Salvia rosmarinus
https://inaturalist-open-data.s3.amazonaws.com/photos/53958248/medium.jpeg,Salvia rosmarinus
https://inaturalist-open-data.s3.amazonaws.com/photos/54137073/medium.jpeg,Salvia rosmarinus
https://static.inaturalist.org/photos/54148120/medium.jpeg,Salvia rosmarinus
https://inaturalist-open-data.s3.amazonaws.com/photos/54156700/medium.jpeg,Salvia rosmarinus
https://static.inaturalist.org/photos/54356606/medium.jpg,Salvia rosmarinus
https://inaturalist-open-data.s3.amazonaws.com/photos/54448088/medium.jpeg,Salvia rosmarinus
https://static.inaturalist.org/photos/54932168/medium.jpeg,Salvia rosmarinus
https://static.inaturalist.org/photos/55026458/medium.jpeg,Salvia rosmarinus
https://static.inaturalist.org/photos/55163209/medium.jpeg,Salvia rosmarinus
https://inaturalist-open-data.s3.amazonaws.com/photos/55294864/medium.jpg,Salvia rosmarinus
https://static.inaturalist.org/photos/55298940/medium.jpg,Salvia rosmarinus
https://inaturalist-open-data.s3.amazonaws.com/photos/55485920/medium.jpg,Salvia rosmarinus
https://static.inaturalist.org/photos/55497633/medium.jpg,Salvia rosmarinus
https://inaturalist-open-data.s3.amazonaws.com/photos/55535700/medium.jpeg,Salvia rosmarinus
https://inaturalist-open-data.s3.amazonaws.com/photos/55537634/medium.jpg,Salvia rosmarinus
https://inaturalist-open-data.s3.amazonaws.com/photos/55680384/medium.jpg,Salvia rosmarinus
https://inaturalist-open-data.s3.amazonaws.com/photos/55696370/medium.jpeg,Salvia rosmarinus
https://inaturalist-open-data.s3.amazonaws.com/photos/55711539/medium.jpeg,Salvia rosmarinus
https://static.inaturalist.org/photos/55783746/medium.jpeg,Salvia rosmarinus
https://inaturalist-open-data.s3.amazonaws.com/photos/55801128/medium.jpeg,Salvia rosmarinus
https://static.inaturalist.org/photos/55849391/medium.jpeg,Salvia rosmarinus
https://inaturalist-open-data.s3.amazonaws.com/photos/55859433/medium.jpeg,Salvia rosmarinus
https://static.inaturalist.org/photos/55924185/medium.jpg,Salvia rosmarinus
https://static.inaturalist.org/photos/55925820/medium.jpg,Salvia rosmarinus
https://inaturalist-open-data.s3.amazonaws.com/photos/55957076/medium.jpeg,Salvia rosmarinus
https://inaturalist-open-data.s3.amazonaws.com/photos/55999827/medium.jpeg,Salvia rosmarinus
https://static.inaturalist.org/photos/56015711/medium.jpg,Salvia rosmarinus
https://static.inaturalist.org/photos/56021837/medium.jpeg,Salvia rosmarinus
https://static.inaturalist.org/photos/56027746/medium.jpeg,Salvia rosmarinus
https://inaturalist-open-data.s3.amazonaws.com/photos/56043508/medium.jpg,Salvia rosmarinus
https://inaturalist-open-data.s3.amazonaws.com/photos/56044613/medium.jpg,Salvia rosmarinus
https://inaturalist-open-data.s3.amazonaws.com/photos/56044754/medium.jpg,Salvia rosmarinus
https://inaturalist-open-data.s3.amazonaws.com/photos/56094154/medium.jpeg,Salvia rosmarinus
https://static.inaturalist.org/photos/56220095/medium.jpg,Salvia rosmarinus
https://static.inaturalist.org/photos/56242189/medium.jpg,Salvia rosmarinus
https://static.inaturalist.org/photos/56271934/medium.jpeg,Salvia rosmarinus
https://static.inaturalist.org/photos/56320666/medium.jpeg,Salvia rosmarinus
https://inaturalist-open-data.s3.amazonaws.com/photos/56343501/medium.jpeg,Salvia rosmarinus
https://static.inaturalist.org/photos/56400011/medium.jpeg,Salvia rosmarinus
https://inaturalist-open-data.s3.amazonaws.com/photos/56431745/medium.jpg,Salvia rosmarinus
https://inaturalist-open-data.s3.amazonaws.com/photos/56451555/medium.jpeg,Salvia rosmarinus
https://inaturalist-open-data.s3.amazonaws.com/photos/56532353/medium.jpeg,Salvia rosmarinus
https://inaturalist-open-data.s3.amazonaws.com/photos/56746533/medium.jpg,Salvia rosmarinus
https://inaturalist-open-data.s3.amazonaws.com/photos/56770612/medium.jpeg,Salvia rosmarinus
https://static.inaturalist.org/photos/56814151/medium.jpeg,Salvia rosmarinus
https://inaturalist-open-data.s3.amazonaws.com/photos/56825957/medium.jpeg,Salvia rosmarinus
https://static.inaturalist.org/photos/56869293/medium.jpeg,Salvia rosmarinus
https://static.inaturalist.org/photos/56869391/medium.jpeg,Salvia rosmarinus
https://static.inaturalist.org/photos/56877597/medium.jpg,Salvia rosmarinus
https://inaturalist-open-data.s3.amazonaws.com/photos/56964666/medium.jpeg,Salvia rosmarinus
https://inaturalist-open-data.s3.amazonaws.com/photos/57018572/medium.jpeg,Salvia rosmarinus
https://inaturalist-open-data.s3.amazonaws.com/photos/57123606/medium.jpg,Salvia rosmarinus
https://inaturalist-open-data.s3.amazonaws.com/photos/57177372/medium.jpeg,Salvia rosmarinus
https://inaturalist-open-data.s3.amazonaws.com/photos/57244729/medium.jpeg,Salvia rosmarinus
https://inaturalist-open-data.s3.amazonaws.com/photos/57248393/medium.jpeg,Salvia rosmarinus
https://inaturalist-open-data.s3.amazonaws.com/photos/57277317/medium.jpg,Salvia rosmarinus
https://inaturalist-open-data.s3.amazonaws.com/photos/57278482/medium.jpeg,Salvia rosmarinus
https://inaturalist-open-data.s3.amazonaws.com/photos/57288435/medium.jpg,Salvia rosmarinus
https://inaturalist-open-data.s3.amazonaws.com/photos/57590285/medium.jpeg,Salvia rosmarinus
https://inaturalist-open-data.s3.amazonaws.com/photos/57597115/medium.jpeg,Salvia rosmarinus
https://inaturalist-open-data.s3.amazonaws.com/photos/57597161/medium.jpeg,Salvia rosmarinus
https://static.inaturalist.org/photos/57599194/medium.jpeg,Salvia rosmarinus
https://inaturalist-open-data.s3.amazonaws.com/photos/57602766/medium.jpeg,Salvia rosmarinus
https://static.inaturalist.org/photos/57649466/medium.jpeg,Salvia rosmarinus
https://inaturalist-open-data.s3.amazonaws.com/photos/57852343/medium.jpg,Salvia rosmarinus
https://inaturalist-open-data.s3.amazonaws.com/photos/57906211/medium.jpg,Salvia rosmarinus
https://inaturalist-open-data.s3.amazonaws.com/photos/57945140/medium.jpg,Salvia rosmarinus
https://static.inaturalist.org/photos/57987552/medium.jpeg,Salvia rosmarinus
https://inaturalist-open-data.s3.amazonaws.com/photos/58021032/medium.jpeg,Salvia rosmarinus
https://inaturalist-open-data.s3.amazonaws.com/photos/58073194/medium.jpeg,Salvia rosmarinus
https://inaturalist-open-data.s3.amazonaws.com/photos/58097714/medium.jpg,Salvia rosmarinus
https://static.inaturalist.org/photos/58112083/medium.jpg,Salvia rosmarinus
https://inaturalist-open-data.s3.amazonaws.com/photos/58112647/medium.jpg,Salvia rosmarinus
https://inaturalist-open-data.s3.amazonaws.com/photos/58140476/medium.jpeg,Salvia rosmarinus
https://inaturalist-open-data.s3.amazonaws.com/photos/58238325/medium.jpg,Salvia rosmarinus
https://inaturalist-open-data.s3.amazonaws.com/photos/58238374/medium.jpg,Salvia rosmarinus
https://inaturalist-open-data.s3.amazonaws.com/photos/58239051/medium.jpg,Salvia rosmarinus
https://inaturalist-open-data.s3.amazonaws.com/photos/58239059/medium.jpg,Salvia rosmarinus
https://static.inaturalist.org/photos/58325219/medium.jpg,Salvia rosmarinus
https://inaturalist-open-data.s3.amazonaws.com/photos/58334328/medium.jpeg,Salvia rosmarinus
https://inaturalist-open-data.s3.amazonaws.com/photos/58337113/medium.jpg,Salvia rosmarinus
https://static.inaturalist.org/photos/58343433/medium.jpeg,Salvia rosmarinus
https://static.inaturalist.org/photos/58343445/medium.jpeg,Salvia rosmarinus
https://inaturalist-open-data.s3.amazonaws.com/photos/58365775/medium.jpg,Salvia rosmarinus
https://inaturalist-open-data.s3.amazonaws.com/photos/58423287/medium.jpg,Salvia rosmarinus
https://inaturalist-open-data.s3.amazonaws.com/photos/58524174/medium.jpeg,Salvia rosmarinus
https://static.inaturalist.org/photos/58530275/medium.jpg,Salvia rosmarinus
https://static.inaturalist.org/photos/58530370/medium.jpg,Salvia rosmarinus
https://inaturalist-open-data.s3.amazonaws.com/photos/58547836/medium.jpg,Salvia rosmarinus
https://inaturalist-open-data.s3.amazonaws.com/photos/58574709/medium.jpeg,Salvia rosmarinus
https://inaturalist-open-data.s3.amazonaws.com/photos/58629523/medium.jpeg,Salvia rosmarinus
https://inaturalist-open-data.s3.amazonaws.com/photos/58687804/medium.jpeg,Salvia rosmarinus
https://inaturalist-open-data.s3.amazonaws.com/photos/58753233/medium.jpeg,Salvia rosmarinus
https://inaturalist-open-data.s3.amazonaws.com/photos/58757172/medium.jpg,Salvia rosmarinus
https://inaturalist-open-data.s3.amazonaws.com/photos/58765824/medium.jpg,Salvia rosmarinus
https://inaturalist-open-data.s3.amazonaws.com/photos/58779152/medium.jpg,Salvia rosmarinus
https://static.inaturalist.org/photos/58782849/medium.jpeg,Salvia rosmarinus
https://inaturalist-open-data.s3.amazonaws.com/photos/58874929/medium.jpeg,Salvia rosmarinus
https://static.inaturalist.org/photos/58921178/medium.jpg,Salvia rosmarinus
https://inaturalist-open-data.s3.amazonaws.com/photos/58934789/medium.jpeg,Salvia rosmarinus
https://inaturalist-open-data.s3.amazonaws.com/photos/58935266/medium.jpg,Salvia rosmarinus
https://static.inaturalist.org/photos/58945007/medium.jpg,Salvia rosmarinus
https://inaturalist-open-data.s3.amazonaws.com/photos/58945834/medium.jpg,Salvia rosmarinus
https://inaturalist-open-data.s3.amazonaws.com/photos/59034070/medium.jpeg,Salvia rosmarinus
https://inaturalist-open-data.s3.amazonaws.com/photos/59044342/medium.jpeg,Salvia rosmarinus
https://static.inaturalist.org/photos/59099955/medium.jpeg,Salvia rosmarinus
https://inaturalist-open-data.s3.amazonaws.com/photos/59100738/medium.jpeg,Salvia rosmarinus
https://inaturalist-open-data.s3.amazonaws.com/photos/59100669/medium.jpeg,Salvia rosmarinus
https://static.inaturalist.org/photos/59101146/medium.jpg,Salvia rosmarinus
https://inaturalist-open-data.s3.amazonaws.com/photos/59103271/medium.jpeg,Salvia rosmarinus
https://inaturalist-open-data.s3.amazonaws.com/photos/59118481/medium.jpeg,Salvia rosmarinus
https://inaturalist-open-data.s3.amazonaws.com/photos/59163140/medium.jpg,Salvia rosmarinus
https://inaturalist-open-data.s3.amazonaws.com/photos/59163958/medium.jpg,Salvia rosmarinus
https://inaturalist-open-data.s3.amazonaws.com/photos/59171636/medium.jpg,Salvia rosmarinus
https://inaturalist-open-data.s3.amazonaws.com/photos/59175696/medium.jpeg,Salvia rosmarinus
https://inaturalist-open-data.s3.amazonaws.com/photos/59184778/medium.jpeg,Salvia rosmarinus
https://inaturalist-open-data.s3.amazonaws.com/photos/59192834/medium.jpeg,Salvia rosmarinus
https://inaturalist-open-data.s3.amazonaws.com/photos/59195266/medium.jpeg,Salvia rosmarinus
https://static.inaturalist.org/photos/59242269/medium.jpg,Salvia rosmarinus
https://inaturalist-open-data.s3.amazonaws.com/photos/59278915/medium.jpeg,Salvia rosmarinus
https://inaturalist-open-data.s3.amazonaws.com/photos/59284455/medium.jpeg,Salvia rosmarinus
https://inaturalist-open-data.s3.amazonaws.com/photos/59285625/medium.jpeg,Salvia rosmarinus
https://inaturalist-open-data.s3.amazonaws.com/photos/59296443/medium.jpg,Salvia rosmarinus
https://inaturalist-open-data.s3.amazonaws.com/photos/59333857/medium.jpeg,Salvia rosmarinus
https://inaturalist-open-data.s3.amazonaws.com/photos/59381445/medium.jpeg,Salvia rosmarinus
https://static.inaturalist.org/photos/59423978/medium.jpg,Salvia rosmarinus
https://static.inaturalist.org/photos/59492538/medium.jpeg,Salvia rosmarinus
https://inaturalist-open-data.s3.amazonaws.com/photos/59515502/medium.jpeg,Salvia rosmarinus
https://inaturalist-open-data.s3.amazonaws.com/photos/59564752/medium.jpeg,Salvia rosmarinus
https://inaturalist-open-data.s3.amazonaws.com/photos/59634840/medium.jpg,Salvia rosmarinus
https://inaturalist-open-data.s3.amazonaws.com/photos/59848555/medium.jpg,Salvia rosmarinus
https://static.inaturalist.org/photos/59887919/medium.jpeg,Salvia rosmarinus
https://inaturalist-open-data.s3.amazonaws.com/photos/59904885/medium.jpg,Salvia rosmarinus
https://static.inaturalist.org/photos/60077279/medium.jpg,Salvia rosmarinus
https://inaturalist-open-data.s3.amazonaws.com/photos/60186007/medium.jpg,Salvia rosmarinus
https://static.inaturalist.org/photos/60239965/medium.jpg,Salvia rosmarinus
https://static.inaturalist.org/photos/60241103/medium.jpeg,Salvia rosmarinus
https://inaturalist-open-data.s3.amazonaws.com/photos/60257795/medium.jpeg,Salvia rosmarinus
https://inaturalist-open-data.s3.amazonaws.com/photos/60271233/medium.jpeg,Salvia rosmarinus
https://static.inaturalist.org/photos/60310539/medium.jpeg,Salvia rosmarinus
https://inaturalist-open-data.s3.amazonaws.com/photos/60313777/medium.jpeg,Salvia rosmarinus
https://inaturalist-open-data.s3.amazonaws.com/photos/60429528/medium.jpeg,Salvia rosmarinus
https://inaturalist-open-data.s3.amazonaws.com/photos/60451253/medium.jpg,Apis mellifera
https://inaturalist-open-data.s3.amazonaws.com/photos/60487425/medium.jpeg,Salvia rosmarinus
https://static.inaturalist.org/photos/60559953/medium.jpeg,Salvia rosmarinus
https://static.inaturalist.org/photos/60706628/medium.jpeg,Salvia rosmarinus
https://inaturalist-open-data.s3.amazonaws.com/photos/60728519/medium.jpeg,Salvia rosmarinus
https://inaturalist-open-data.s3.amazonaws.com/photos/60784897/medium.jpg,Salvia rosmarinus
https://inaturalist-open-data.s3.amazonaws.com/photos/60862474/medium.jpeg,Salvia rosmarinus
https://inaturalist-open-data.s3.amazonaws.com/photos/60965547/medium.jpeg,Salvia rosmarinus
https://inaturalist-open-data.s3.amazonaws.com/photos/60990173/medium.jpg,Apis mellifera
https://static.inaturalist.org/photos/63457061/medium.jpg,Salvia rosmarinus
https://static.inaturalist.org/photos/61056481/medium.jpg,Salvia rosmarinus
https://static.inaturalist.org/photos/61056826/medium.jpg,Salvia rosmarinus
https://inaturalist-open-data.s3.amazonaws.com/photos/61115864/medium.jpeg,Salvia rosmarinus
https://static.inaturalist.org/photos/61130650/medium.jpg,Salvia rosmarinus
https://inaturalist-open-data.s3.amazonaws.com/photos/61201208/medium.jpeg,Salvia rosmarinus
https://static.inaturalist.org/photos/61254242/medium.jpg,Salvia rosmarinus
https://inaturalist-open-data.s3.amazonaws.com/photos/61308877/medium.jpeg,Salvia rosmarinus
https://inaturalist-open-data.s3.amazonaws.com/photos/61311124/medium.jpg,Salvia rosmarinus
https://static.inaturalist.org/photos/61315547/medium.jpg,Salvia rosmarinus
https://static.inaturalist.org/photos/61317914/medium.jpg,Salvia rosmarinus
https://inaturalist-open-data.s3.amazonaws.com/photos/61399646/medium.jpeg,Lon melane
https://inaturalist-open-data.s3.amazonaws.com/photos/61443481/medium.jpeg,Salvia rosmarinus
https://static.inaturalist.org/photos/61500899/medium.jpeg,Salvia rosmarinus
https://static.inaturalist.org/photos/61561445/medium.jpeg,Salvia rosmarinus
https://inaturalist-open-data.s3.amazonaws.com/photos/61580788/medium.jpeg,Salvia rosmarinus
https://inaturalist-open-data.s3.amazonaws.com/photos/61723228/medium.jpg,Salvia rosmarinus
https://static.inaturalist.org/photos/61770955/medium.jpg,Salvia rosmarinus
https://static.inaturalist.org/photos/61775253/medium.jpeg,Salvia rosmarinus
https://static.inaturalist.org/photos/61885047/medium.jpeg,Salvia rosmarinus
https://inaturalist-open-data.s3.amazonaws.com/photos/61886230/medium.jpg,Salvia rosmarinus
https://inaturalist-open-data.s3.amazonaws.com/photos/61906755/medium.jpeg,Salvia rosmarinus
https://inaturalist-open-data.s3.amazonaws.com/photos/62039055/medium.jpeg,Salvia rosmarinus
https://inaturalist-open-data.s3.amazonaws.com/photos/62046413/medium.jpg,Salvia rosmarinus
https://static.inaturalist.org/photos/62112178/medium.jpeg,Salvia rosmarinus
https://inaturalist-open-data.s3.amazonaws.com/photos/62226558/medium.jpeg,Salvia rosmarinus
https://inaturalist-open-data.s3.amazonaws.com/photos/62227902/medium.jpeg,Salvia rosmarinus
https://inaturalist-open-data.s3.amazonaws.com/photos/62229445/medium.jpg,Salvia rosmarinus
https://static.inaturalist.org/photos/62231599/medium.jpeg,Salvia rosmarinus
https://inaturalist-open-data.s3.amazonaws.com/photos/62241648/medium.jpg,Salvia rosmarinus
https://inaturalist-open-data.s3.amazonaws.com/photos/62242720/medium.jpeg,Salvia rosmarinus
https://inaturalist-open-data.s3.amazonaws.com/photos/62432590/medium.jpeg,Salvia rosmarinus
https://static.inaturalist.org/photos/62437808/medium.jpeg,Salvia rosmarinus
https://inaturalist-open-data.s3.amazonaws.com/photos/62451716/medium.jpeg,Salvia rosmarinus
https://inaturalist-open-data.s3.amazonaws.com/photos/62499521/medium.png,Salvia rosmarinus
https://inaturalist-open-data.s3.amazonaws.com/photos/62719163/medium.jpeg,Salvia rosmarinus
https://inaturalist-open-data.s3.amazonaws.com/photos/62786393/medium.jpg,Salvia rosmarinus
https://static.inaturalist.org/photos/62786874/medium.jpeg,Salvia rosmarinus
https://inaturalist-open-data.s3.amazonaws.com/photos/62937596/medium.jpeg,Salvia rosmarinus
https://static.inaturalist.org/photos/62998347/medium.jpg,Salvia rosmarinus
https://static.inaturalist.org/photos/63005569/medium.jpg,Salvia rosmarinus
https://static.inaturalist.org/photos/63010092/medium.jpeg,Salvia rosmarinus
https://static.inaturalist.org/photos/63017696/medium.jpeg,Salvia rosmarinus
https://static.inaturalist.org/photos/63030578/medium.jpg,Salvia rosmarinus
https://inaturalist-open-data.s3.amazonaws.com/photos/63032889/medium.jpg,Apis mellifera
https://inaturalist-open-data.s3.amazonaws.com/photos/63050276/medium.jpg,Salvia rosmarinus
https://static.inaturalist.org/photos/63178744/medium.jpg,Salvia rosmarinus
https://inaturalist-open-data.s3.amazonaws.com/photos/63226177/medium.jpg,Salvia rosmarinus
https://static.inaturalist.org/photos/63324308/medium.jpg,Salvia rosmarinus
https://static.inaturalist.org/photos/63555437/medium.jpeg,Salvia rosmarinus
https://inaturalist-open-data.s3.amazonaws.com/photos/63561816/medium.jpg,Salvia rosmarinus
https://inaturalist-open-data.s3.amazonaws.com/photos/63656980/medium.jpeg,Salvia rosmarinus
https://static.inaturalist.org/photos/63741582/medium.jpeg,Salvia rosmarinus
https://inaturalist-open-data.s3.amazonaws.com/photos/63791998/medium.jpeg,Salvia rosmarinus
https://static.inaturalist.org/photos/63837991/medium.jpg,Salvia rosmarinus
https://inaturalist-open-data.s3.amazonaws.com/photos/63854779/medium.jpg,Salvia rosmarinus
https://inaturalist-open-data.s3.amazonaws.com/photos/63899609/medium.jpeg,Salvia rosmarinus
https://inaturalist-open-data.s3.amazonaws.com/photos/63930333/medium.jpeg,Salvia rosmarinus
https://inaturalist-open-data.s3.amazonaws.com/photos/63993442/medium.jpg,Salvia rosmarinus
https://inaturalist-open-data.s3.amazonaws.com/photos/64094486/medium.jpeg,Salvia rosmarinus
https://inaturalist-open-data.s3.amazonaws.com/photos/64115584/medium.jpeg,Salvia rosmarinus
https://inaturalist-open-data.s3.amazonaws.com/photos/64162309/medium.jpeg,Salvia rosmarinus
https://inaturalist-open-data.s3.amazonaws.com/photos/68005301/medium.jpg,Salvia rosmarinus
https://inaturalist-open-data.s3.amazonaws.com/photos/64217388/medium.jpeg,Salvia rosmarinus
https://static.inaturalist.org/photos/64224488/medium.jpg,Salvia rosmarinus
https://static.inaturalist.org/photos/64330614/medium.jpeg,Salvia rosmarinus
https://static.inaturalist.org/photos/64361408/medium.jpg,Salvia rosmarinus
https://inaturalist-open-data.s3.amazonaws.com/photos/64519289/medium.jpeg,Salvia rosmarinus
https://inaturalist-open-data.s3.amazonaws.com/photos/64520766/medium.jpg,Salvia rosmarinus
https://static.inaturalist.org/photos/64617216/medium.jpg,Salvia rosmarinus
https://inaturalist-open-data.s3.amazonaws.com/photos/64798362/medium.jpeg,Salvia rosmarinus
https://inaturalist-open-data.s3.amazonaws.com/photos/64815165/medium.jpg,Salvia rosmarinus
https://static.inaturalist.org/photos/64820780/medium.jpeg,Salvia rosmarinus
https://inaturalist-open-data.s3.amazonaws.com/photos/64853608/medium.jpeg,Salvia rosmarinus
https://inaturalist-open-data.s3.amazonaws.com/photos/64939066/medium.jpeg,Salvia rosmarinus
https://inaturalist-open-data.s3.amazonaws.com/photos/64947780/medium.jpeg,Salvia rosmarinus
https://static.inaturalist.org/photos/64961694/medium.jpg,Salvia rosmarinus
https://inaturalist-open-data.s3.amazonaws.com/photos/65064150/medium.jpeg,Salvia rosmarinus
https://inaturalist-open-data.s3.amazonaws.com/photos/65177359/medium.jpeg,Salvia rosmarinus
https://inaturalist-open-data.s3.amazonaws.com/photos/65181473/medium.jpeg,Salvia rosmarinus
https://inaturalist-open-data.s3.amazonaws.com/photos/65186478/medium.jpeg,Salvia rosmarinus
https://inaturalist-open-data.s3.amazonaws.com/photos/65266619/medium.jpeg,Salvia rosmarinus
https://inaturalist-open-data.s3.amazonaws.com/photos/65286422/medium.jpeg,Salvia rosmarinus
https://inaturalist-open-data.s3.amazonaws.com/photos/65377997/medium.jpeg,Salvia rosmarinus
https://inaturalist-open-data.s3.amazonaws.com/photos/65379035/medium.jpeg,Salvia rosmarinus
https://static.inaturalist.org/photos/65382185/medium.jpeg,Salvia rosmarinus
https://static.inaturalist.org/photos/65386773/medium.jpeg,Salvia rosmarinus
https://inaturalist-open-data.s3.amazonaws.com/photos/65400966/medium.jpg,Salvia rosmarinus
https://inaturalist-open-data.s3.amazonaws.com/photos/65441998/medium.jpg,Salvia rosmarinus
https://inaturalist-open-data.s3.amazonaws.com/photos/65475105/medium.jpg,Salvia rosmarinus
https://static.inaturalist.org/photos/65480270/medium.jpg,Salvia rosmarinus
https://static.inaturalist.org/photos/65505640/medium.jpg,Salvia rosmarinus
https://static.inaturalist.org/photos/65533348/medium.jpg,Salvia rosmarinus
https://inaturalist-open-data.s3.amazonaws.com/photos/65596064/medium.jpg,Salvia rosmarinus
https://static.inaturalist.org/photos/65719576/medium.jpg,Salvia rosmarinus
https://static.inaturalist.org/photos/65626306/medium.jpeg,Salvia rosmarinus
https://inaturalist-open-data.s3.amazonaws.com/photos/65665029/medium.jpeg,Salvia rosmarinus
https://static.inaturalist.org/photos/65690002/medium.jpg,Salvia rosmarinus
https://inaturalist-open-data.s3.amazonaws.com/photos/65722773/medium.jpg,Salvia rosmarinus
https://inaturalist-open-data.s3.amazonaws.com/photos/65734528/medium.jpeg,Salvia rosmarinus
https://static.inaturalist.org/photos/65748027/medium.jpeg,Salvia rosmarinus
https://inaturalist-open-data.s3.amazonaws.com/photos/65757896/medium.jpeg,Salvia rosmarinus
https://static.inaturalist.org/photos/65923911/medium.jpeg,Salvia rosmarinus
https://static.inaturalist.org/photos/65992758/medium.jpeg,Salvia rosmarinus
https://inaturalist-open-data.s3.amazonaws.com/photos/66009790/medium.jpg,Salvia rosmarinus
https://static.inaturalist.org/photos/66248789/medium.jpg,Salvia rosmarinus
https://inaturalist-open-data.s3.amazonaws.com/photos/66025305/medium.jpg,Salvia rosmarinus
https://inaturalist-open-data.s3.amazonaws.com/photos/66117549/medium.jpg,Salvia rosmarinus
https://static.inaturalist.org/photos/66135631/medium.jpg,Salvia rosmarinus
https://inaturalist-open-data.s3.amazonaws.com/photos/66291584/medium.jpeg,Salvia rosmarinus
https://static.inaturalist.org/photos/66319886/medium.jpeg,Salvia rosmarinus
https://inaturalist-open-data.s3.amazonaws.com/photos/66345696/medium.jpeg,Salvia rosmarinus
https://inaturalist-open-data.s3.amazonaws.com/photos/66355765/medium.jpeg,Salvia rosmarinus
https://inaturalist-open-data.s3.amazonaws.com/photos/66356571/medium.jpeg,Salvia rosmarinus
https://inaturalist-open-data.s3.amazonaws.com/photos/66401216/medium.jpg,Salvia rosmarinus
https://static.inaturalist.org/photos/66419760/medium.jpeg,Salvia rosmarinus
https://static.inaturalist.org/photos/66643127/medium.jpeg,Salvia rosmarinus
https://inaturalist-open-data.s3.amazonaws.com/photos/66667106/medium.jpg,Salvia rosmarinus
https://inaturalist-open-data.s3.amazonaws.com/photos/66682952/medium.jpg,Salvia rosmarinus
https://inaturalist-open-data.s3.amazonaws.com/photos/66689245/medium.jpg,Salvia rosmarinus
https://static.inaturalist.org/photos/66720935/medium.jpg,Salvia rosmarinus
https://inaturalist-open-data.s3.amazonaws.com/photos/66813077/medium.jpeg,Salvia rosmarinus
https://inaturalist-open-data.s3.amazonaws.com/photos/66930523/medium.jpeg,Salvia rosmarinus
https://static.inaturalist.org/photos/66938914/medium.jpeg,Salvia rosmarinus
https://inaturalist-open-data.s3.amazonaws.com/photos/67040533/medium.jpeg,Salvia rosmarinus
https://inaturalist-open-data.s3.amazonaws.com/photos/67077275/medium.jpeg,Chrysolina americana
https://static.inaturalist.org/photos/67149727/medium.jpg,Salvia rosmarinus
https://static.inaturalist.org/photos/67154011/medium.jpg,Salvia rosmarinus
https://static.inaturalist.org/photos/67162272/medium.jpg,Salvia rosmarinus
https://static.inaturalist.org/photos/67164546/medium.jpg,Salvia rosmarinus
https://inaturalist-open-data.s3.amazonaws.com/photos/67237003/medium.jpg,Salvia rosmarinus
https://static.inaturalist.org/photos/67289251/medium.jpg,Salvia rosmarinus
https://static.inaturalist.org/photos/67291608/medium.jpg,Salvia rosmarinus
https://inaturalist-open-data.s3.amazonaws.com/photos/67348152/medium.jpg,Salvia rosmarinus
https://inaturalist-open-data.s3.amazonaws.com/photos/67449187/medium.jpg,Salvia rosmarinus
https://inaturalist-open-data.s3.amazonaws.com/photos/67449193/medium.jpg,Salvia rosmarinus
https://inaturalist-open-data.s3.amazonaws.com/photos/67472886/medium.jpg,Salvia rosmarinus
https://inaturalist-open-data.s3.amazonaws.com/photos/67500803/medium.jpeg,Salvia rosmarinus
https://static.inaturalist.org/photos/67579021/medium.jpeg,Salvia rosmarinus
https://static.inaturalist.org/photos/67580732/medium.jpeg,Salvia rosmarinus
https://inaturalist-open-data.s3.amazonaws.com/photos/67582465/medium.jpeg,Salvia rosmarinus
https://static.inaturalist.org/photos/67608554/medium.jpg,Salvia rosmarinus
https://static.inaturalist.org/photos/67668219/medium.jpg,Salvia rosmarinus
https://static.inaturalist.org/photos/67836073/medium.jpg,Spinus psaltria
https://static.inaturalist.org/photos/67893536/medium.jpg,Salvia rosmarinus
https://inaturalist-open-data.s3.amazonaws.com/photos/67976498/medium.jpeg,Apis mellifera
https://inaturalist-open-data.s3.amazonaws.com/photos/68012044/medium.jpg,Salvia rosmarinus
https://inaturalist-open-data.s3.amazonaws.com/photos/68019139/medium.jpg,Salvia rosmarinus
https://inaturalist-open-data.s3.amazonaws.com/photos/68041551/medium.jpeg,Salvia rosmarinus
https://static.inaturalist.org/photos/68045379/medium.jpg,Salvia rosmarinus
https://static.inaturalist.org/photos/68065566/medium.jpeg,Salvia rosmarinus
https://static.inaturalist.org/photos/68188041/medium.jpeg,Salvia rosmarinus
https://inaturalist-open-data.s3.amazonaws.com/photos/68227175/medium.jpeg,Salvia rosmarinus
https://inaturalist-open-data.s3.amazonaws.com/photos/68240340/medium.jpeg,Salvia rosmarinus
https://inaturalist-open-data.s3.amazonaws.com/photos/68336734/medium.jpg,Salvia rosmarinus
https://inaturalist-open-data.s3.amazonaws.com/photos/68362829/medium.jpeg,Salvia rosmarinus
https://inaturalist-open-data.s3.amazonaws.com/photos/68395632/medium.jpeg,Salvia rosmarinus
https://inaturalist-open-data.s3.amazonaws.com/photos/68415211/medium.jpeg,Salvia rosmarinus
https://inaturalist-open-data.s3.amazonaws.com/photos/68416739/medium.jpg,Salvia rosmarinus
https://static.inaturalist.org/photos/68674923/medium.jpg,Salvia rosmarinus
https://static.inaturalist.org/photos/68676570/medium.jpeg,Salvia rosmarinus
https://inaturalist-open-data.s3.amazonaws.com/photos/68703068/medium.jpeg,Salvia rosmarinus
https://inaturalist-open-data.s3.amazonaws.com/photos/68724613/medium.jpg,Salvia rosmarinus
https://inaturalist-open-data.s3.amazonaws.com/photos/68732291/medium.jpg,Salvia rosmarinus
https://inaturalist-open-data.s3.amazonaws.com/photos/68741571/medium.jpeg,Salvia rosmarinus
https://inaturalist-open-data.s3.amazonaws.com/photos/68753841/medium.jpg,Salvia rosmarinus
https://inaturalist-open-data.s3.amazonaws.com/photos/68767103/medium.jpeg,Salvia rosmarinus
https://inaturalist-open-data.s3.amazonaws.com/photos/68794000/medium.jpeg,Salvia rosmarinus
https://inaturalist-open-data.s3.amazonaws.com/photos/68924229/medium.jpeg,Salvia rosmarinus
https://inaturalist-open-data.s3.amazonaws.com/photos/68997173/medium.jpg,Salvia rosmarinus
https://inaturalist-open-data.s3.amazonaws.com/photos/68955221/medium.jpg,Salvia rosmarinus
https://inaturalist-open-data.s3.amazonaws.com/photos/69062298/medium.jpg,Salvia rosmarinus
https://inaturalist-open-data.s3.amazonaws.com/photos/69126223/medium.jpeg,Salvia rosmarinus
https://inaturalist-open-data.s3.amazonaws.com/photos/69152727/medium.jpeg,Salvia rosmarinus
https://inaturalist-open-data.s3.amazonaws.com/photos/69164900/medium.jpg,Salvia rosmarinus
https://inaturalist-open-data.s3.amazonaws.com/photos/69165671/medium.jpg,Salvia rosmarinus
https://inaturalist-open-data.s3.amazonaws.com/photos/69186878/medium.jpg,Salvia rosmarinus
https://inaturalist-open-data.s3.amazonaws.com/photos/74091340/medium.jpg,Salvia rosmarinus
https://inaturalist-open-data.s3.amazonaws.com/photos/69393607/medium.jpeg,Salvia rosmarinus
https://inaturalist-open-data.s3.amazonaws.com/photos/69401469/medium.jpeg,Salvia rosmarinus
https://inaturalist-open-data.s3.amazonaws.com/photos/69433971/medium.jpg,Salvia rosmarinus
https://static.inaturalist.org/photos/69565607/medium.jpg,Salvia rosmarinus
https://inaturalist-open-data.s3.amazonaws.com/photos/69565222/medium.jpg,Salvia rosmarinus
https://static.inaturalist.org/photos/69565831/medium.jpg,Salvia rosmarinus
https://inaturalist-open-data.s3.amazonaws.com/photos/69567830/medium.jpg,Salvia rosmarinus
https://inaturalist-open-data.s3.amazonaws.com/photos/69568317/medium.jpg,Salvia rosmarinus
https://static.inaturalist.org/photos/69573153/medium.jpeg,Salvia rosmarinus
https://inaturalist-open-data.s3.amazonaws.com/photos/69584211/medium.jpg,Salvia rosmarinus
https://inaturalist-open-data.s3.amazonaws.com/photos/69602060/medium.jpg,Salvia rosmarinus
https://inaturalist-open-data.s3.amazonaws.com/photos/69602766/medium.jpeg,Salvia rosmarinus
https://static.inaturalist.org/photos/69600578/medium.jpg,Salvia rosmarinus
https://inaturalist-open-data.s3.amazonaws.com/photos/69636274/medium.jpg,Salvia rosmarinus
https://static.inaturalist.org/photos/69645494/medium.jpeg,Salvia rosmarinus
https://inaturalist-open-data.s3.amazonaws.com/photos/69653441/medium.jpeg,Salvia rosmarinus
https://inaturalist-open-data.s3.amazonaws.com/photos/69658091/medium.jpeg,Salvia rosmarinus
https://inaturalist-open-data.s3.amazonaws.com/photos/69683054/medium.jpg,Salvia rosmarinus
https://inaturalist-open-data.s3.amazonaws.com/photos/69704357/medium.jpeg,Salvia rosmarinus
https://inaturalist-open-data.s3.amazonaws.com/photos/69738019/medium.jpeg,Salvia rosmarinus
https://static.inaturalist.org/photos/69802523/medium.jpeg,Apis mellifera
https://inaturalist-open-data.s3.amazonaws.com/photos/70019211/medium.jpeg,Salvia rosmarinus
https://inaturalist-open-data.s3.amazonaws.com/photos/69989481/medium.jpg,Salvia rosmarinus
https://inaturalist-open-data.s3.amazonaws.com/photos/69990934/medium.jpg,Salvia rosmarinus
https://static.inaturalist.org/photos/70044848/medium.jpg,Salvia rosmarinus
https://inaturalist-open-data.s3.amazonaws.com/photos/70177835/medium.jpg,Salvia rosmarinus
https://inaturalist-open-data.s3.amazonaws.com/photos/70433455/medium.jpg,Salvia rosmarinus
https://inaturalist-open-data.s3.amazonaws.com/photos/70660186/medium.jpg,Salvia rosmarinus
https://inaturalist-open-data.s3.amazonaws.com/photos/70682081/medium.jpg,Salvia rosmarinus
https://static.inaturalist.org/photos/70871966/medium.jpg,Salvia rosmarinus
https://inaturalist-open-data.s3.amazonaws.com/photos/70885557/medium.jpg,Salvia rosmarinus
https://inaturalist-open-data.s3.amazonaws.com/photos/70892290/medium.jpg,Salvia rosmarinus
https://inaturalist-open-data.s3.amazonaws.com/photos/70969221/medium.jpg,Salvia rosmarinus
https://inaturalist-open-data.s3.amazonaws.com/photos/71056827/medium.jpeg,Salvia rosmarinus
https://inaturalist-open-data.s3.amazonaws.com/photos/71101010/medium.jpeg,Salvia rosmarinus
https://inaturalist-open-data.s3.amazonaws.com/photos/71161738/medium.jpg,Salvia rosmarinus
https://static.inaturalist.org/photos/71279060/medium.jpg,Salvia rosmarinus
https://inaturalist-open-data.s3.amazonaws.com/photos/71313700/medium.jpeg,Salvia rosmarinus
https://inaturalist-open-data.s3.amazonaws.com/photos/71435877/medium.jpg,Salvia rosmarinus
https://inaturalist-open-data.s3.amazonaws.com/photos/71435971/medium.jpg,Salvia rosmarinus
https://inaturalist-open-data.s3.amazonaws.com/photos/71435976/medium.jpg,Salvia rosmarinus
https://inaturalist-open-data.s3.amazonaws.com/photos/71468991/medium.jpeg,Salvia rosmarinus
https://inaturalist-open-data.s3.amazonaws.com/photos/71613800/medium.jpeg,Salvia rosmarinus
https://inaturalist-open-data.s3.amazonaws.com/photos/71639195/medium.jpg,Salvia rosmarinus
https://inaturalist-open-data.s3.amazonaws.com/photos/71693266/medium.jpg,Salvia rosmarinus
https://inaturalist-open-data.s3.amazonaws.com/photos/71754502/medium.jpg,Salvia rosmarinus
https://static.inaturalist.org/photos/71800712/medium.jpg,Salvia rosmarinus
https://static.inaturalist.org/photos/71814400/medium.jpg,Salvia rosmarinus
https://static.inaturalist.org/photos/71894272/medium.jpg,Salvia rosmarinus
https://inaturalist-open-data.s3.amazonaws.com/photos/71897994/medium.jpg,Salvia rosmarinus
https://inaturalist-open-data.s3.amazonaws.com/photos/71921706/medium.jpeg,Salvia rosmarinus
https://inaturalist-open-data.s3.amazonaws.com/photos/72010800/medium.jpg,Salvia rosmarinus
https://static.inaturalist.org/photos/72120761/medium.jpg,Salvia rosmarinus
https://inaturalist-open-data.s3.amazonaws.com/photos/72171975/medium.jpg,Salvia rosmarinus
https://inaturalist-open-data.s3.amazonaws.com/photos/72173169/medium.jpg,Salvia rosmarinus
https://inaturalist-open-data.s3.amazonaws.com/photos/72291267/medium.jpeg,Salvia rosmarinus
https://inaturalist-open-data.s3.amazonaws.com/photos/72310677/medium.jpg,Salvia rosmarinus
https://inaturalist-open-data.s3.amazonaws.com/photos/72310726/medium.jpg,Salvia rosmarinus
https://inaturalist-open-data.s3.amazonaws.com/photos/72310760/medium.jpg,Salvia rosmarinus
https://inaturalist-open-data.s3.amazonaws.com/photos/72431777/medium.jpeg,Salvia rosmarinus
https://static.inaturalist.org/photos/72478557/medium.jpeg,Salvia rosmarinus
https://static.inaturalist.org/photos/72484545/medium.jpeg,Salvia rosmarinus
https://static.inaturalist.org/photos/72579703/medium.jpeg,Salvia rosmarinus
https://static.inaturalist.org/photos/72581227/medium.jpg,Salvia rosmarinus
https://static.inaturalist.org/photos/72589769/medium.jpg,Salvia rosmarinus
https://static.inaturalist.org/photos/72724001/medium.jpg,Salvia rosmarinus
https://inaturalist-open-data.s3.amazonaws.com/photos/72749061/medium.jpeg,Salvia rosmarinus
https://inaturalist-open-data.s3.amazonaws.com/photos/72874857/medium.jpg,Salvia rosmarinus
https://inaturalist-open-data.s3.amazonaws.com/photos/72881909/medium.jpg,Salvia rosmarinus
https://inaturalist-open-data.s3.amazonaws.com/photos/72910335/medium.jpg,Salvia rosmarinus
https://static.inaturalist.org/photos/73003574/medium.jpeg,Salvia rosmarinus
https://inaturalist-open-data.s3.amazonaws.com/photos/73073784/medium.jpg,Salvia rosmarinus
https://inaturalist-open-data.s3.amazonaws.com/photos/73108506/medium.jpeg,Salvia rosmarinus
https://inaturalist-open-data.s3.amazonaws.com/photos/73235939/medium.jpeg,Salvia rosmarinus
https://static.inaturalist.org/photos/73336205/medium.jpeg,Salvia rosmarinus
https://static.inaturalist.org/photos/73347232/medium.jpeg,Salvia rosmarinus
https://inaturalist-open-data.s3.amazonaws.com/photos/73703558/medium.jpeg,Salvia rosmarinus
https://inaturalist-open-data.s3.amazonaws.com/photos/73844404/medium.jpeg,Salvia rosmarinus
https://static.inaturalist.org/photos/73868307/medium.jpg,Salvia rosmarinus
https://static.inaturalist.org/photos/73894375/medium.jpg,Salvia rosmarinus
https://static.inaturalist.org/photos/73934353/medium.jpeg,Salvia rosmarinus
https://inaturalist-open-data.s3.amazonaws.com/photos/74014495/medium.jpg,Salvia rosmarinus
https://static.inaturalist.org/photos/74119031/medium.jpeg,Salvia rosmarinus
https://inaturalist-open-data.s3.amazonaws.com/photos/74120233/medium.jpg,Salvia rosmarinus
https://inaturalist-open-data.s3.amazonaws.com/photos/74126908/medium.jpg,Salvia rosmarinus
https://inaturalist-open-data.s3.amazonaws.com/photos/74146502/medium.jpg,Salvia rosmarinus
https://inaturalist-open-data.s3.amazonaws.com/photos/74264623/medium.jpeg,Salvia rosmarinus
https://static.inaturalist.org/photos/74271666/medium.jpeg,Salvia rosmarinus
https://inaturalist-open-data.s3.amazonaws.com/photos/74270010/medium.jpg,Salvia rosmarinus
https://inaturalist-open-data.s3.amazonaws.com/photos/74427310/medium.jpeg,Salvia rosmarinus
https://inaturalist-open-data.s3.amazonaws.com/photos/74438807/medium.jpeg,Salvia rosmarinus
https://static.inaturalist.org/photos/74459027/medium.jpg,Salvia rosmarinus
https://inaturalist-open-data.s3.amazonaws.com/photos/74466844/medium.jpg,Salvia rosmarinus
https://inaturalist-open-data.s3.amazonaws.com/photos/74466931/medium.jpg,Salvia rosmarinus
https://inaturalist-open-data.s3.amazonaws.com/photos/74466972/medium.jpg,Salvia rosmarinus
https://static.inaturalist.org/photos/74484898/medium.jpg,Salvia rosmarinus
https://static.inaturalist.org/photos/74488584/medium.jpg,Salvia rosmarinus
https://static.inaturalist.org/photos/74497219/medium.jpeg,Salvia rosmarinus
https://static.inaturalist.org/photos/74576302/medium.jpeg,Salvia rosmarinus
https://static.inaturalist.org/photos/74681145/medium.jpeg,Salvia rosmarinus
https://inaturalist-open-data.s3.amazonaws.com/photos/74749087/medium.jpg,Salvia rosmarinus
https://inaturalist-open-data.s3.amazonaws.com/photos/74991865/medium.jpg,Salvia rosmarinus
https://inaturalist-open-data.s3.amazonaws.com/photos/74984815/medium.jpeg,Salvia rosmarinus
https://static.inaturalist.org/photos/74998551/medium.jpeg,Salvia rosmarinus
https://inaturalist-open-data.s3.amazonaws.com/photos/75040936/medium.jpeg,Salvia rosmarinus
https://static.inaturalist.org/photos/75146764/medium.jpg,Salvia rosmarinus
https://inaturalist-open-data.s3.amazonaws.com/photos/75156807/medium.jpg,Salvia rosmarinus
https://inaturalist-open-data.s3.amazonaws.com/photos/75156932/medium.jpg,Salvia rosmarinus
https://static.inaturalist.org/photos/75196071/medium.jpeg,Salvia rosmarinus
https://static.inaturalist.org/photos/75198504/medium.jpg,Salvia rosmarinus
https://inaturalist-open-data.s3.amazonaws.com/photos/75219580/medium.jpeg,Salvia rosmarinus
https://inaturalist-open-data.s3.amazonaws.com/photos/75224874/medium.jpeg,Salvia rosmarinus
https://inaturalist-open-data.s3.amazonaws.com/photos/75232665/medium.jpg,Salvia rosmarinus
https://static.inaturalist.org/photos/75264533/medium.jpeg,Salvia rosmarinus
https://inaturalist-open-data.s3.amazonaws.com/photos/75338334/medium.jpeg,Salvia rosmarinus
https://static.inaturalist.org/photos/75379081/medium.jpeg,Salvia rosmarinus
https://inaturalist-open-data.s3.amazonaws.com/photos/75405822/medium.jpg,Salvia rosmarinus
https://static.inaturalist.org/photos/75424192/medium.jpeg,Salvia rosmarinus
https://inaturalist-open-data.s3.amazonaws.com/photos/75521620/medium.jpeg,Salvia rosmarinus
https://inaturalist-open-data.s3.amazonaws.com/photos/75576434/medium.jpg,Salvia rosmarinus
https://inaturalist-open-data.s3.amazonaws.com/photos/75691278/medium.jpeg,Salvia rosmarinus
https://static.inaturalist.org/photos/75858736/medium.jpg,Salvia rosmarinus
https://inaturalist-open-data.s3.amazonaws.com/photos/75868733/medium.jpeg,Salvia rosmarinus
https://inaturalist-open-data.s3.amazonaws.com/photos/75963169/medium.jpg,Salvia rosmarinus
https://static.inaturalist.org/photos/76084244/medium.jpg,Salvia rosmarinus
https://inaturalist-open-data.s3.amazonaws.com/photos/76128032/medium.jpeg,Salvia rosmarinus
https://inaturalist-open-data.s3.amazonaws.com/photos/76136544/medium.jpeg,Salvia rosmarinus
https://static.inaturalist.org/photos/76178096/medium.jpg,Salvia rosmarinus
https://static.inaturalist.org/photos/76195935/medium.jpg,Salvia rosmarinus
https://static.inaturalist.org/photos/76313363/medium.jpg,Salvia rosmarinus
https://inaturalist-open-data.s3.amazonaws.com/photos/76527253/medium.jpg,Salvia rosmarinus
https://inaturalist-open-data.s3.amazonaws.com/photos/76591767/medium.jpg,Salvia rosmarinus
https://inaturalist-open-data.s3.amazonaws.com/photos/76663432/medium.jpeg,Salvia rosmarinus
https://inaturalist-open-data.s3.amazonaws.com/photos/76675599/medium.jpg,Salvia rosmarinus
https://inaturalist-open-data.s3.amazonaws.com/photos/76764972/medium.jpeg,Salvia rosmarinus
https://inaturalist-open-data.s3.amazonaws.com/photos/76827626/medium.jpg,Salvia rosmarinus
https://inaturalist-open-data.s3.amazonaws.com/photos/76849493/medium.jpeg,Salvia rosmarinus
https://inaturalist-open-data.s3.amazonaws.com/photos/76858880/medium.jpeg,Salvia rosmarinus
https://inaturalist-open-data.s3.amazonaws.com/photos/77008695/medium.jpg,Salvia rosmarinus
https://static.inaturalist.org/photos/77030266/medium.jpeg,Salvia rosmarinus
https://static.inaturalist.org/photos/77164315/medium.jpeg,Salvia rosmarinus
https://inaturalist-open-data.s3.amazonaws.com/photos/77167406/medium.jpeg,Salvia rosmarinus
https://inaturalist-open-data.s3.amazonaws.com/photos/77176311/medium.jpeg,Salvia rosmarinus
https://inaturalist-open-data.s3.amazonaws.com/photos/77166309/medium.jpeg,Salvia rosmarinus
https://static.inaturalist.org/photos/77242306/medium.jpeg,Salvia rosmarinus
https://inaturalist-open-data.s3.amazonaws.com/photos/77249021/medium.jpg,Salvia rosmarinus
https://inaturalist-open-data.s3.amazonaws.com/photos/77396134/medium.jpg,Salvia rosmarinus
https://inaturalist-open-data.s3.amazonaws.com/photos/77483331/medium.jpeg,Salvia rosmarinus
https://static.inaturalist.org/photos/77779919/medium.jpeg,Salvia rosmarinus
https://inaturalist-open-data.s3.amazonaws.com/photos/77792546/medium.jpeg,Salvia rosmarinus
https://inaturalist-open-data.s3.amazonaws.com/photos/77840861/medium.jpeg,Salvia rosmarinus
https://static.inaturalist.org/photos/77994484/medium.jpg,Salvia rosmarinus
https://static.inaturalist.org/photos/78031097/medium.jpeg,Salvia rosmarinus
https://inaturalist-open-data.s3.amazonaws.com/photos/78192977/medium.jpg,Salvia rosmarinus
https://inaturalist-open-data.s3.amazonaws.com/photos/78284805/medium.jpg,Salvia rosmarinus
https://inaturalist-open-data.s3.amazonaws.com/photos/78463807/medium.jpg,Salvia rosmarinus
https://static.inaturalist.org/photos/78535709/medium.jpg,Salvia rosmarinus
https://static.inaturalist.org/photos/78535948/medium.jpg,Salvia rosmarinus
https://inaturalist-open-data.s3.amazonaws.com/photos/78684428/medium.jpg,Salvia rosmarinus
https://static.inaturalist.org/photos/78728900/medium.jpeg,Salvia rosmarinus
https://static.inaturalist.org/photos/78699805/medium.jpeg,Salvia rosmarinus
https://inaturalist-open-data.s3.amazonaws.com/photos/78703300/medium.jpeg,Salvia rosmarinus
https://inaturalist-open-data.s3.amazonaws.com/photos/78845080/medium.jpeg,Salvia rosmarinus
https://static.inaturalist.org/photos/78872391/medium.jpg,Salvia rosmarinus
https://static.inaturalist.org/photos/78995342/medium.jpg,Salvia rosmarinus
https://inaturalist-open-data.s3.amazonaws.com/photos/79081582/medium.jpg,Salvia rosmarinus
https://inaturalist-open-data.s3.amazonaws.com/photos/79169204/medium.jpg,Salvia rosmarinus
https://inaturalist-open-data.s3.amazonaws.com/photos/79270475/medium.jpeg,Salvia rosmarinus
https://inaturalist-open-data.s3.amazonaws.com/photos/79306087/medium.jpg,Salvia rosmarinus
https://static.inaturalist.org/photos/79345135/medium.jpeg,Salvia rosmarinus
https://inaturalist-open-data.s3.amazonaws.com/photos/79612564/medium.jpg,Salvia rosmarinus
https://inaturalist-open-data.s3.amazonaws.com/photos/79623131/medium.jpg,Salvia rosmarinus
https://inaturalist-open-data.s3.amazonaws.com/photos/79797911/medium.jpg,Salvia rosmarinus
https://inaturalist-open-data.s3.amazonaws.com/photos/79807088/medium.jpeg,Salvia rosmarinus
https://static.inaturalist.org/photos/79855258/medium.jpeg,Salvia rosmarinus
https://inaturalist-open-data.s3.amazonaws.com/photos/80047141/medium.jpeg,Salvia rosmarinus
https://inaturalist-open-data.s3.amazonaws.com/photos/80286706/medium.jpg,Salvia rosmarinus
https://inaturalist-open-data.s3.amazonaws.com/photos/80613126/medium.jpeg,Salvia rosmarinus
https://inaturalist-open-data.s3.amazonaws.com/photos/80972214/medium.jpeg,Salvia rosmarinus
https://static.inaturalist.org/photos/80981777/medium.jpg,Salvia rosmarinus
https://inaturalist-open-data.s3.amazonaws.com/photos/80988477/medium.jpeg,Salvia rosmarinus
https://inaturalist-open-data.s3.amazonaws.com/photos/81144063/medium.jpg,Salvia rosmarinus
https://inaturalist-open-data.s3.amazonaws.com/photos/81145252/medium.jpg,Salvia rosmarinus
https://static.inaturalist.org/photos/81632477/medium.jpeg,Salvia rosmarinus
https://inaturalist-open-data.s3.amazonaws.com/photos/81844619/medium.jpeg,Salvia rosmarinus
https://inaturalist-open-data.s3.amazonaws.com/photos/82035288/medium.jpg,Salvia rosmarinus
https://inaturalist-open-data.s3.amazonaws.com/photos/82047769/medium.jpeg,Salvia rosmarinus
https://inaturalist-open-data.s3.amazonaws.com/photos/82178526/medium.jpg,Salvia rosmarinus
https://static.inaturalist.org/photos/82447365/medium.jpeg,Salvia rosmarinus
https://static.inaturalist.org/photos/134258673/medium.jpg,Salvia rosmarinus
https://inaturalist-open-data.s3.amazonaws.com/photos/82501196/medium.jpeg,Salvia rosmarinus
https://static.inaturalist.org/photos/82547132/medium.jpg,Salvia rosmarinus
https://static.inaturalist.org/photos/82671822/medium.jpeg,Salvia rosmarinus
https://inaturalist-open-data.s3.amazonaws.com/photos/82944141/medium.jpeg,Salvia rosmarinus
https://inaturalist-open-data.s3.amazonaws.com/photos/82899057/medium.jpeg,Salvia rosmarinus
https://static.inaturalist.org/photos/83033770/medium.jpeg,Salvia rosmarinus
https://inaturalist-open-data.s3.amazonaws.com/photos/83040117/medium.jpg,Salvia rosmarinus
https://inaturalist-open-data.s3.amazonaws.com/photos/83053576/medium.jpeg,Salvia rosmarinus
https://static.inaturalist.org/photos/83354435/medium.jpg,Salvia rosmarinus
https://static.inaturalist.org/photos/83934609/medium.jpeg,Salvia rosmarinus
https://static.inaturalist.org/photos/84175779/medium.jpg,Salvia rosmarinus
https://inaturalist-open-data.s3.amazonaws.com/photos/84250726/medium.jpeg,Salvia rosmarinus
https://static.inaturalist.org/photos/84356736/medium.jpeg,Salvia rosmarinus
https://inaturalist-open-data.s3.amazonaws.com/photos/84437191/medium.jpg,Salvia rosmarinus
https://static.inaturalist.org/photos/84495316/medium.jpg,Salvia rosmarinus
https://static.inaturalist.org/photos/84554845/medium.jpg,Salvia rosmarinus
https://inaturalist-open-data.s3.amazonaws.com/photos/84591209/medium.jpeg,Salvia rosmarinus
https://inaturalist-open-data.s3.amazonaws.com/photos/84731178/medium.jpg,Salvia rosmarinus
https://inaturalist-open-data.s3.amazonaws.com/photos/84834003/medium.jpeg,Salvia rosmarinus
https://static.inaturalist.org/photos/84840263/medium.jpeg,Salvia rosmarinus
https://inaturalist-open-data.s3.amazonaws.com/photos/84841036/medium.jpg,Salvia rosmarinus
https://inaturalist-open-data.s3.amazonaws.com/photos/84942970/medium.jpg,Salvia rosmarinus
https://inaturalist-open-data.s3.amazonaws.com/photos/84943056/medium.jpg,Salvia rosmarinus
https://static.inaturalist.org/photos/85005802/medium.jpg,Salvia rosmarinus
https://inaturalist-open-data.s3.amazonaws.com/photos/85012543/medium.jpeg,Salvia rosmarinus
https://inaturalist-open-data.s3.amazonaws.com/photos/85018271/medium.jpg,Salvia rosmarinus
https://static.inaturalist.org/photos/85162435/medium.jpeg,Salvia rosmarinus
https://inaturalist-open-data.s3.amazonaws.com/photos/85339870/medium.jpg,Salvia rosmarinus
https://inaturalist-open-data.s3.amazonaws.com/photos/85502639/medium.jpg,Salvia rosmarinus
https://inaturalist-open-data.s3.amazonaws.com/photos/85537833/medium.jpeg,Salvia rosmarinus
https://inaturalist-open-data.s3.amazonaws.com/photos/85627768/medium.jpeg,Salvia rosmarinus
https://inaturalist-open-data.s3.amazonaws.com/photos/85962786/medium.jpeg,Salvia rosmarinus
https://inaturalist-open-data.s3.amazonaws.com/photos/85998712/medium.jpg,Salvia rosmarinus
https://static.inaturalist.org/photos/86135991/medium.jpeg,Salvia rosmarinus
https://static.inaturalist.org/photos/86147108/medium.jpeg,Salvia rosmarinus
https://inaturalist-open-data.s3.amazonaws.com/photos/86156846/medium.jpeg,Salvia rosmarinus
https://static.inaturalist.org/photos/86194604/medium.jpg,Salvia rosmarinus
https://inaturalist-open-data.s3.amazonaws.com/photos/86170307/medium.jpg,Salvia rosmarinus
https://inaturalist-open-data.s3.amazonaws.com/photos/86360812/medium.jpg,Salvia rosmarinus
https://inaturalist-open-data.s3.amazonaws.com/photos/86360875/medium.jpg,Salvia rosmarinus
https://inaturalist-open-data.s3.amazonaws.com/photos/86360951/medium.jpg,Salvia rosmarinus
https://inaturalist-open-data.s3.amazonaws.com/photos/86375791/medium.jpeg,Salvia rosmarinus
https://inaturalist-open-data.s3.amazonaws.com/photos/86514247/medium.jpg,Salvia rosmarinus
https://static.inaturalist.org/photos/86586893/medium.jpeg,Salvia rosmarinus
https://static.inaturalist.org/photos/86638609/medium.jpeg,Salvia rosmarinus
https://inaturalist-open-data.s3.amazonaws.com/photos/86758517/medium.jpeg,Salvia rosmarinus
https://inaturalist-open-data.s3.amazonaws.com/photos/86915559/medium.jpg,Salvia rosmarinus
https://inaturalist-open-data.s3.amazonaws.com/photos/86930291/medium.jpeg,Salvia rosmarinus
https://inaturalist-open-data.s3.amazonaws.com/photos/87117902/medium.jpg,Salvia rosmarinus
https://inaturalist-open-data.s3.amazonaws.com/photos/87117919/medium.jpg,Salvia rosmarinus
https://inaturalist-open-data.s3.amazonaws.com/photos/87118075/medium.jpg,Salvia rosmarinus
https://inaturalist-open-data.s3.amazonaws.com/photos/87254253/medium.jpg,Salvia rosmarinus
https://static.inaturalist.org/photos/87326219/medium.jpg,Salvia rosmarinus
https://inaturalist-open-data.s3.amazonaws.com/photos/87335458/medium.jpg,Salvia rosmarinus
https://static.inaturalist.org/photos/87583222/medium.jpeg,Salvia rosmarinus
https://static.inaturalist.org/photos/87583246/medium.jpeg,Salvia rosmarinus
https://static.inaturalist.org/photos/87584470/medium.jpeg,Salvia rosmarinus
https://static.inaturalist.org/photos/87592227/medium.jpeg,Salvia rosmarinus
https://static.inaturalist.org/photos/87593607/medium.jpeg,Salvia rosmarinus
https://inaturalist-open-data.s3.amazonaws.com/photos/87578322/medium.jpg,Salvia rosmarinus
https://inaturalist-open-data.s3.amazonaws.com/photos/87578425/medium.jpg,Salvia rosmarinus
https://inaturalist-open-data.s3.amazonaws.com/photos/87838736/medium.jpeg,Salvia rosmarinus
https://inaturalist-open-data.s3.amazonaws.com/photos/87877263/medium.jpeg,Salvia rosmarinus
https://inaturalist-open-data.s3.amazonaws.com/photos/87877370/medium.jpeg,Salvia rosmarinus
https://inaturalist-open-data.s3.amazonaws.com/photos/88000758/medium.jpeg,Salvia rosmarinus
https://static.inaturalist.org/photos/88037467/medium.jpg,Salvia rosmarinus
https://inaturalist-open-data.s3.amazonaws.com/photos/88174486/medium.jpg,Salvia rosmarinus
https://inaturalist-open-data.s3.amazonaws.com/photos/88228181/medium.jpeg,Salvia rosmarinus
https://inaturalist-open-data.s3.amazonaws.com/photos/88239822/medium.jpg,Salvia rosmarinus
https://static.inaturalist.org/photos/88544157/medium.jpg,Salvia rosmarinus
https://inaturalist-open-data.s3.amazonaws.com/photos/88410092/medium.jpeg,Salvia rosmarinus
https://static.inaturalist.org/photos/89072268/medium.jpeg,Salvia rosmarinus
https://inaturalist-open-data.s3.amazonaws.com/photos/89432743/medium.jpeg,Salvia rosmarinus
https://inaturalist-open-data.s3.amazonaws.com/photos/89649585/medium.jpeg,Salvia rosmarinus
https://static.inaturalist.org/photos/89722396/medium.jpg,Salvia rosmarinus
https://static.inaturalist.org/photos/89866151/medium.jpg,Salvia rosmarinus
https://static.inaturalist.org/photos/90226899/medium.jpeg,Salvia rosmarinus
https://inaturalist-open-data.s3.amazonaws.com/photos/90397814/medium.jpg,Salvia rosmarinus
https://inaturalist-open-data.s3.amazonaws.com/photos/90481903/medium.jpeg,Salvia rosmarinus
https://inaturalist-open-data.s3.amazonaws.com/photos/90590671/medium.jpg,Salvia rosmarinus
https://inaturalist-open-data.s3.amazonaws.com/photos/90645359/medium.jpeg,Salvia rosmarinus
https://inaturalist-open-data.s3.amazonaws.com/photos/90678452/medium.jpeg,Salvia rosmarinus
https://static.inaturalist.org/photos/90783664/medium.jpeg,Salvia rosmarinus
https://inaturalist-open-data.s3.amazonaws.com/photos/90812444/medium.jpeg,Salvia rosmarinus
https://inaturalist-open-data.s3.amazonaws.com/photos/90952264/medium.jpg,Salvia rosmarinus
https://inaturalist-open-data.s3.amazonaws.com/photos/90959060/medium.jpg,Salvia rosmarinus
https://inaturalist-open-data.s3.amazonaws.com/photos/90958275/medium.jpg,Salvia rosmarinus
https://inaturalist-open-data.s3.amazonaws.com/photos/90961487/medium.jpg,Salvia rosmarinus
https://inaturalist-open-data.s3.amazonaws.com/photos/90967397/medium.jpeg,Salvia rosmarinus
https://inaturalist-open-data.s3.amazonaws.com/photos/91101060/medium.jpeg,Salvia rosmarinus
https://inaturalist-open-data.s3.amazonaws.com/photos/91106299/medium.jpg,Salvia rosmarinus
https://inaturalist-open-data.s3.amazonaws.com/photos/91106611/medium.jpg,Salvia rosmarinus
https://inaturalist-open-data.s3.amazonaws.com/photos/91106644/medium.jpg,Salvia rosmarinus
https://inaturalist-open-data.s3.amazonaws.com/photos/91352267/medium.jpeg,Salvia rosmarinus
https://inaturalist-open-data.s3.amazonaws.com/photos/91403535/medium.jpg,Salvia rosmarinus
https://inaturalist-open-data.s3.amazonaws.com/photos/91457478/medium.jpg,Salvia rosmarinus
https://inaturalist-open-data.s3.amazonaws.com/photos/91488026/medium.jpeg,Salvia rosmarinus
https://inaturalist-open-data.s3.amazonaws.com/photos/91642813/medium.jpg,Salvia rosmarinus
https://static.inaturalist.org/photos/91786594/medium.jpg,Salvia rosmarinus
https://inaturalist-open-data.s3.amazonaws.com/photos/91816674/medium.jpg,Salvia rosmarinus
https://inaturalist-open-data.s3.amazonaws.com/photos/92000334/medium.jpeg,Salvia rosmarinus
https://inaturalist-open-data.s3.amazonaws.com/photos/92166136/medium.jpeg,Salvia rosmarinus
https://inaturalist-open-data.s3.amazonaws.com/photos/92213482/medium.jpg,Salvia rosmarinus
https://inaturalist-open-data.s3.amazonaws.com/photos/92213505/medium.jpg,Salvia rosmarinus
https://inaturalist-open-data.s3.amazonaws.com/photos/92213525/medium.jpg,Salvia rosmarinus
https://static.inaturalist.org/photos/92323159/medium.jpeg,Salvia rosmarinus
https://inaturalist-open-data.s3.amazonaws.com/photos/92408314/medium.jpeg,Salvia rosmarinus
https://inaturalist-open-data.s3.amazonaws.com/photos/92414144/medium.jpg,Salvia rosmarinus
https://static.inaturalist.org/photos/92498456/medium.jpg,Salvia rosmarinus
https://inaturalist-open-data.s3.amazonaws.com/photos/92698247/medium.jpg,Salvia rosmarinus
https://inaturalist-open-data.s3.amazonaws.com/photos/92824524/medium.jpeg,Salvia rosmarinus
https://inaturalist-open-data.s3.amazonaws.com/photos/92952554/medium.jpeg,Salvia rosmarinus
https://inaturalist-open-data.s3.amazonaws.com/photos/92954420/medium.jpg,Salvia rosmarinus
https://inaturalist-open-data.s3.amazonaws.com/photos/92954423/medium.jpg,Salvia rosmarinus
https://inaturalist-open-data.s3.amazonaws.com/photos/92955419/medium.jpg,Salvia rosmarinus
https://inaturalist-open-data.s3.amazonaws.com/photos/92955660/medium.jpg,Salvia rosmarinus
https://inaturalist-open-data.s3.amazonaws.com/photos/92959038/medium.jpeg,Salvia rosmarinus
https://inaturalist-open-data.s3.amazonaws.com/photos/92973238/medium.jpg,Salvia rosmarinus
https://inaturalist-open-data.s3.amazonaws.com/photos/92973352/medium.jpg,Salvia rosmarinus
https://inaturalist-open-data.s3.amazonaws.com/photos/92975110/medium.jpg,Salvia rosmarinus
https://inaturalist-open-data.s3.amazonaws.com/photos/92975298/medium.jpg,Salvia rosmarinus
https://inaturalist-open-data.s3.amazonaws.com/photos/92975879/medium.jpg,Salvia rosmarinus
https://inaturalist-open-data.s3.amazonaws.com/photos/92976270/medium.jpg,Salvia rosmarinus
https://inaturalist-open-data.s3.amazonaws.com/photos/92976461/medium.jpg,Salvia rosmarinus
https://inaturalist-open-data.s3.amazonaws.com/photos/92976747/medium.jpg,Salvia rosmarinus
https://inaturalist-open-data.s3.amazonaws.com/photos/93026606/medium.jpg,Salvia rosmarinus
https://inaturalist-open-data.s3.amazonaws.com/photos/93026744/medium.jpg,Salvia rosmarinus
https://inaturalist-open-data.s3.amazonaws.com/photos/93112221/medium.jpg,Salvia rosmarinus
https://inaturalist-open-data.s3.amazonaws.com/photos/93140161/medium.jpg,Salvia rosmarinus
https://inaturalist-open-data.s3.amazonaws.com/photos/93329876/medium.jpg,Salvia rosmarinus
https://inaturalist-open-data.s3.amazonaws.com/photos/93393242/medium.jpeg,Salvia rosmarinus
https://inaturalist-open-data.s3.amazonaws.com/photos/93401455/medium.jpg,Salvia rosmarinus
https://inaturalist-open-data.s3.amazonaws.com/photos/93401401/medium.jpg,Salvia rosmarinus
https://inaturalist-open-data.s3.amazonaws.com/photos/93497994/medium.jpeg,Salvia rosmarinus
https://inaturalist-open-data.s3.amazonaws.com/photos/93740675/medium.jpg,Salvia rosmarinus
https://inaturalist-open-data.s3.amazonaws.com/photos/93802642/medium.jpeg,Salvia rosmarinus
https://inaturalist-open-data.s3.amazonaws.com/photos/93786301/medium.jpg,Salvia rosmarinus
https://inaturalist-open-data.s3.amazonaws.com/photos/93938130/medium.jpeg,Salvia rosmarinus
https://inaturalist-open-data.s3.amazonaws.com/photos/93978245/medium.jpg,Salvia rosmarinus
https://inaturalist-open-data.s3.amazonaws.com/photos/93978756/medium.jpg,Salvia rosmarinus
https://inaturalist-open-data.s3.amazonaws.com/photos/93979233/medium.jpg,Salvia rosmarinus
https://inaturalist-open-data.s3.amazonaws.com/photos/94134524/medium.jpg,Salvia rosmarinus
https://inaturalist-open-data.s3.amazonaws.com/photos/94134992/medium.jpg,Salvia rosmarinus
https://inaturalist-open-data.s3.amazonaws.com/photos/94183424/medium.jpg,Salvia rosmarinus
https://inaturalist-open-data.s3.amazonaws.com/photos/94286923/medium.jpeg,Salvia rosmarinus
https://inaturalist-open-data.s3.amazonaws.com/photos/94299583/medium.jpg,Salvia rosmarinus
https://inaturalist-open-data.s3.amazonaws.com/photos/94436179/medium.jpeg,Salvia rosmarinus
https://inaturalist-open-data.s3.amazonaws.com/photos/94439413/medium.jpg,Salvia rosmarinus
https://inaturalist-open-data.s3.amazonaws.com/photos/94447565/medium.jpg,Salvia rosmarinus
https://static.inaturalist.org/photos/94623521/medium.jpeg,Salvia rosmarinus
https://static.inaturalist.org/photos/94632415/medium.jpeg,Salvia rosmarinus
https://static.inaturalist.org/photos/94633649/medium.jpg,Salvia rosmarinus
https://static.inaturalist.org/photos/94640970/medium.jpeg,Salvia rosmarinus
https://static.inaturalist.org/photos/94693926/medium.jpg,Salvia rosmarinus
https://inaturalist-open-data.s3.amazonaws.com/photos/94840111/medium.jpg,Salvia rosmarinus
https://static.inaturalist.org/photos/94988756/medium.jpeg,Salvia rosmarinus
https://inaturalist-open-data.s3.amazonaws.com/photos/95020823/medium.jpeg,Salvia rosmarinus
https://static.inaturalist.org/photos/95056265/medium.jpeg,Salvia rosmarinus
https://inaturalist-open-data.s3.amazonaws.com/photos/95108696/medium.jpg,Salvia rosmarinus
https://inaturalist-open-data.s3.amazonaws.com/photos/95194230/medium.jpeg,Salvia rosmarinus
https://inaturalist-open-data.s3.amazonaws.com/photos/95254117/medium.jpg,Salvia rosmarinus
https://static.inaturalist.org/photos/95256402/medium.jpeg,Salvia rosmarinus
https://inaturalist-open-data.s3.amazonaws.com/photos/95272875/medium.jpeg,Salvia rosmarinus
https://inaturalist-open-data.s3.amazonaws.com/photos/95345304/medium.jpg,Salvia rosmarinus
https://inaturalist-open-data.s3.amazonaws.com/photos/95503556/medium.jpg,Salvia rosmarinus
https://inaturalist-open-data.s3.amazonaws.com/photos/95547290/medium.jpg,Salvia rosmarinus
https://inaturalist-open-data.s3.amazonaws.com/photos/95749416/medium.jpg,Salvia rosmarinus
https://inaturalist-open-data.s3.amazonaws.com/photos/95942626/medium.jpeg,Salvia rosmarinus
https://static.inaturalist.org/photos/96002084/medium.jpg,Salvia rosmarinus
https://inaturalist-open-data.s3.amazonaws.com/photos/96020021/medium.jpeg,Salvia rosmarinus
https://inaturalist-open-data.s3.amazonaws.com/photos/96030959/medium.jpg,Salvia rosmarinus
https://inaturalist-open-data.s3.amazonaws.com/photos/96414407/medium.jpg,Salvia rosmarinus
https://inaturalist-open-data.s3.amazonaws.com/photos/96440195/medium.jpg,Salvia rosmarinus
https://inaturalist-open-data.s3.amazonaws.com/photos/96440202/medium.jpg,Salvia rosmarinus
https://inaturalist-open-data.s3.amazonaws.com/photos/96440209/medium.jpg,Salvia rosmarinus
https://inaturalist-open-data.s3.amazonaws.com/photos/96440222/medium.jpg,Salvia rosmarinus
https://inaturalist-open-data.s3.amazonaws.com/photos/96440233/medium.jpg,Salvia rosmarinus
https://inaturalist-open-data.s3.amazonaws.com/photos/96440240/medium.jpg,Salvia rosmarinus
https://inaturalist-open-data.s3.amazonaws.com/photos/96440246/medium.jpg,Salvia rosmarinus
https://inaturalist-open-data.s3.amazonaws.com/photos/96453235/medium.jpg,Salvia rosmarinus
https://inaturalist-open-data.s3.amazonaws.com/photos/96769169/medium.jpeg,Salvia rosmarinus
https://inaturalist-open-data.s3.amazonaws.com/photos/96776460/medium.jpeg,Salvia rosmarinus
https://inaturalist-open-data.s3.amazonaws.com/photos/96793428/medium.jpeg,Salvia rosmarinus
https://inaturalist-open-data.s3.amazonaws.com/photos/96811509/medium.jpeg,Salvia rosmarinus
https://static.inaturalist.org/photos/96903771/medium.jpeg,Salvia rosmarinus
https://inaturalist-open-data.s3.amazonaws.com/photos/96952393/medium.jpeg,Salvia rosmarinus
https://inaturalist-open-data.s3.amazonaws.com/photos/96977870/medium.jpg,Salvia rosmarinus
https://inaturalist-open-data.s3.amazonaws.com/photos/96989861/medium.jpg,Salvia rosmarinus
https://inaturalist-open-data.s3.amazonaws.com/photos/96995818/medium.jpg,Salvia rosmarinus
https://inaturalist-open-data.s3.amazonaws.com/photos/97065854/medium.jpeg,Salvia rosmarinus
https://inaturalist-open-data.s3.amazonaws.com/photos/97129037/medium.jpeg,Salvia rosmarinus
https://inaturalist-open-data.s3.amazonaws.com/photos/97133193/medium.jpg,Salvia rosmarinus
https://inaturalist-open-data.s3.amazonaws.com/photos/97213000/medium.jpeg,Salvia rosmarinus
https://static.inaturalist.org/photos/97263655/medium.jpeg,Salvia rosmarinus
https://inaturalist-open-data.s3.amazonaws.com/photos/97333547/medium.jpeg,Salvia rosmarinus
https://inaturalist-open-data.s3.amazonaws.com/photos/97372385/medium.jpeg,Salvia rosmarinus
https://inaturalist-open-data.s3.amazonaws.com/photos/97384376/medium.jpg,Salvia rosmarinus
https://inaturalist-open-data.s3.amazonaws.com/photos/97384859/medium.jpeg,Salvia rosmarinus
https://inaturalist-open-data.s3.amazonaws.com/photos/97391492/medium.jpeg,Salvia rosmarinus
https://inaturalist-open-data.s3.amazonaws.com/photos/97472651/medium.jpeg,Salvia rosmarinus
https://inaturalist-open-data.s3.amazonaws.com/photos/97500287/medium.jpeg,Salvia rosmarinus
https://static.inaturalist.org/photos/97502476/medium.jpeg,Salvia rosmarinus
https://inaturalist-open-data.s3.amazonaws.com/photos/97514973/medium.jpg,Salvia rosmarinus
https://inaturalist-open-data.s3.amazonaws.com/photos/97594043/medium.jpeg,Salvia rosmarinus
https://inaturalist-open-data.s3.amazonaws.com/photos/97701758/medium.jpeg,Salvia rosmarinus
https://inaturalist-open-data.s3.amazonaws.com/photos/97740134/medium.jpeg,Salvia rosmarinus
https://inaturalist-open-data.s3.amazonaws.com/photos/97772203/medium.jpg,Salvia rosmarinus
https://inaturalist-open-data.s3.amazonaws.com/photos/97854832/medium.jpg,Salvia rosmarinus
https://inaturalist-open-data.s3.amazonaws.com/photos/97941975/medium.jpg,Salvia rosmarinus
https://inaturalist-open-data.s3.amazonaws.com/photos/97952684/medium.jpeg,Salvia rosmarinus
https://inaturalist-open-data.s3.amazonaws.com/photos/97964672/medium.jpeg,Salvia rosmarinus
https://static.inaturalist.org/photos/98051527/medium.jpg,Salvia rosmarinus
https://inaturalist-open-data.s3.amazonaws.com/photos/98071106/medium.jpeg,Salvia rosmarinus
https://inaturalist-open-data.s3.amazonaws.com/photos/98142010/medium.jpg,Salvia rosmarinus
https://inaturalist-open-data.s3.amazonaws.com/photos/98147792/medium.jpg,Salvia rosmarinus
https://inaturalist-open-data.s3.amazonaws.com/photos/98158351/medium.jpeg,Salvia rosmarinus
https://static.inaturalist.org/photos/98205876/medium.jpeg,Salvia rosmarinus
https://inaturalist-open-data.s3.amazonaws.com/photos/98205936/medium.jpg,Salvia rosmarinus
https://inaturalist-open-data.s3.amazonaws.com/photos/98358528/medium.jpg,Salvia rosmarinus
https://inaturalist-open-data.s3.amazonaws.com/photos/98363763/medium.jpeg,Salvia rosmarinus
https://inaturalist-open-data.s3.amazonaws.com/photos/98388583/medium.jpg,Salvia rosmarinus
https://inaturalist-open-data.s3.amazonaws.com/photos/98499665/medium.jpg,Salvia rosmarinus
https://inaturalist-open-data.s3.amazonaws.com/photos/98502911/medium.jpeg,Salvia rosmarinus
https://inaturalist-open-data.s3.amazonaws.com/photos/98504207/medium.jpeg,Salvia rosmarinus
https://inaturalist-open-data.s3.amazonaws.com/photos/98555712/medium.jpeg,Salvia rosmarinus
https://inaturalist-open-data.s3.amazonaws.com/photos/98443864/medium.jpg,Salvia rosmarinus
https://inaturalist-open-data.s3.amazonaws.com/photos/98445659/medium.jpg,Salvia rosmarinus
https://inaturalist-open-data.s3.amazonaws.com/photos/98445689/medium.jpg,Salvia rosmarinus
https://inaturalist-open-data.s3.amazonaws.com/photos/98576834/medium.jpg,Salvia rosmarinus
https://inaturalist-open-data.s3.amazonaws.com/photos/98658795/medium.jpg,Salvia rosmarinus
https://static.inaturalist.org/photos/98766978/medium.jpeg,Salvia rosmarinus
https://inaturalist-open-data.s3.amazonaws.com/photos/98789988/medium.jpeg,Salvia rosmarinus
https://static.inaturalist.org/photos/99032147/medium.jpeg,Salvia rosmarinus
https://inaturalist-open-data.s3.amazonaws.com/photos/99100309/medium.jpeg,Salvia rosmarinus
https://inaturalist-open-data.s3.amazonaws.com/photos/99177934/medium.jpg,Salvia rosmarinus
https://inaturalist-open-data.s3.amazonaws.com/photos/99352813/medium.jpeg,Salvia rosmarinus
https://static.inaturalist.org/photos/99396911/medium.jpeg,Salvia rosmarinus
https://static.inaturalist.org/photos/99594040/medium.jpeg,Salvia rosmarinus
https://inaturalist-open-data.s3.amazonaws.com/photos/99625903/medium.jpg,Salvia rosmarinus
https://inaturalist-open-data.s3.amazonaws.com/photos/99639480/medium.jpeg,Salvia rosmarinus
https://inaturalist-open-data.s3.amazonaws.com/photos/99688907/medium.jpg,Salvia rosmarinus
https://inaturalist-open-data.s3.amazonaws.com/photos/99797851/medium.jpeg,Salvia rosmarinus
https://inaturalist-open-data.s3.amazonaws.com/photos/99815482/medium.jpg,Salvia rosmarinus
https://inaturalist-open-data.s3.amazonaws.com/photos/99856695/medium.jpeg,Salvia rosmarinus
https://inaturalist-open-data.s3.amazonaws.com/photos/99949911/medium.jpeg,Salvia rosmarinus
https://static.inaturalist.org/photos/99987458/medium.jpg,Salvia rosmarinus
https://inaturalist-open-data.s3.amazonaws.com/photos/100239062/medium.jpeg,Salvia rosmarinus
https://inaturalist-open-data.s3.amazonaws.com/photos/100244639/medium.jpg,Salvia rosmarinus
https://static.inaturalist.org/photos/100273161/medium.jpg,Salvia rosmarinus
https://static.inaturalist.org/photos/100294434/medium.jpeg,Salvia rosmarinus
https://static.inaturalist.org/photos/100295138/medium.jpeg,Salvia rosmarinus
https://static.inaturalist.org/photos/100296517/medium.jpeg,Salvia rosmarinus
https://static.inaturalist.org/photos/100299431/medium.jpeg,Salvia rosmarinus
https://static.inaturalist.org/photos/100306873/medium.jpeg,Salvia rosmarinus
https://static.inaturalist.org/photos/100307090/medium.jpeg,Salvia rosmarinus
https://static.inaturalist.org/photos/100313010/medium.jpeg,Salvia rosmarinus
https://static.inaturalist.org/photos/100313941/medium.jpeg,Salvia rosmarinus
https://static.inaturalist.org/photos/100326022/medium.jpeg,Salvia rosmarinus
https://static.inaturalist.org/photos/100336779/medium.jpeg,Salvia rosmarinus
https://static.inaturalist.org/photos/100359913/medium.jpeg,Salvia rosmarinus
https://static.inaturalist.org/photos/100359959/medium.jpeg,Salvia rosmarinus
https://static.inaturalist.org/photos/100360342/medium.jpeg,Salvia rosmarinus
https://static.inaturalist.org/photos/100360701/medium.jpeg,Salvia rosmarinus
https://static.inaturalist.org/photos/100361314/medium.jpeg,Salvia rosmarinus
https://static.inaturalist.org/photos/100361360/medium.jpeg,Salvia rosmarinus
https://inaturalist-open-data.s3.amazonaws.com/photos/100515707/medium.jpg,Salvia rosmarinus
https://inaturalist-open-data.s3.amazonaws.com/photos/100539281/medium.jpeg,Salvia rosmarinus
https://static.inaturalist.org/photos/100541179/medium.jpeg,Salvia rosmarinus
https://static.inaturalist.org/photos/100546618/medium.jpeg,Salvia rosmarinus
https://static.inaturalist.org/photos/100554727/medium.jpeg,Salvia rosmarinus
https://static.inaturalist.org/photos/100559390/medium.jpeg,Salvia rosmarinus
https://static.inaturalist.org/photos/100571134/medium.jpeg,Salvia rosmarinus
https://static.inaturalist.org/photos/100593374/medium.jpeg,Salvia rosmarinus
https://static.inaturalist.org/photos/100598089/medium.jpeg,Salvia rosmarinus
https://static.inaturalist.org/photos/100605997/medium.jpeg,Salvia rosmarinus
https://static.inaturalist.org/photos/100613636/medium.jpeg,Salvia rosmarinus
https://static.inaturalist.org/photos/100616129/medium.jpeg,Salvia rosmarinus
https://static.inaturalist.org/photos/100626238/medium.jpeg,Salvia rosmarinus
https://static.inaturalist.org/photos/100641241/medium.jpeg,Salvia rosmarinus
https://static.inaturalist.org/photos/100642807/medium.jpeg,Salvia rosmarinus
https://inaturalist-open-data.s3.amazonaws.com/photos/100646514/medium.jpeg,Salvia rosmarinus
https://static.inaturalist.org/photos/100648200/medium.jpeg,Salvia rosmarinus
https://static.inaturalist.org/photos/100659383/medium.jpeg,Salvia rosmarinus
https://static.inaturalist.org/photos/100667172/medium.jpeg,Salvia rosmarinus
https://static.inaturalist.org/photos/100669844/medium.jpeg,Salvia rosmarinus
https://static.inaturalist.org/photos/100683575/medium.jpeg,Salvia rosmarinus
https://inaturalist-open-data.s3.amazonaws.com/photos/100688049/medium.jpeg,Salvia rosmarinus
https://static.inaturalist.org/photos/100690461/medium.jpeg,Salvia rosmarinus
https://static.inaturalist.org/photos/100701007/medium.jpeg,Salvia rosmarinus
https://static.inaturalist.org/photos/100701327/medium.jpeg,Salvia rosmarinus
https://static.inaturalist.org/photos/100706223/medium.jpeg,Salvia rosmarinus
https://static.inaturalist.org/photos/100722138/medium.jpeg,Salvia rosmarinus
https://static.inaturalist.org/photos/100732523/medium.jpeg,Salvia rosmarinus
https://inaturalist-open-data.s3.amazonaws.com/photos/100737020/medium.jpg,Salvia rosmarinus
https://static.inaturalist.org/photos/100738502/medium.jpeg,Salvia rosmarinus
https://static.inaturalist.org/photos/100756395/medium.jpeg,Salvia rosmarinus
https://inaturalist-open-data.s3.amazonaws.com/photos/100773242/medium.jpeg,Salvia rosmarinus
https://static.inaturalist.org/photos/100773525/medium.jpeg,Salvia rosmarinus
https://static.inaturalist.org/photos/100787316/medium.jpeg,Salvia rosmarinus
https://static.inaturalist.org/photos/100791485/medium.jpeg,Salvia rosmarinus
https://static.inaturalist.org/photos/100803352/medium.jpeg,Salvia rosmarinus
https://static.inaturalist.org/photos/100807743/medium.jpeg,Salvia rosmarinus
https://static.inaturalist.org/photos/100811590/medium.jpeg,Salvia rosmarinus
https://static.inaturalist.org/photos/100814807/medium.jpeg,Salvia rosmarinus
https://static.inaturalist.org/photos/100817942/medium.jpeg,Salvia rosmarinus
https://static.inaturalist.org/photos/100821785/medium.jpeg,Salvia rosmarinus
https://static.inaturalist.org/photos/100823098/medium.jpeg,Salvia rosmarinus
https://static.inaturalist.org/photos/100823656/medium.jpeg,Salvia rosmarinus
https://static.inaturalist.org/photos/100824539/medium.jpg,Salvia rosmarinus
https://static.inaturalist.org/photos/100831997/medium.jpeg,Salvia rosmarinus
https://static.inaturalist.org/photos/100832938/medium.jpeg,Salvia rosmarinus
https://static.inaturalist.org/photos/100833310/medium.jpeg,Salvia rosmarinus
https://inaturalist-open-data.s3.amazonaws.com/photos/100832304/medium.jpeg,Salvia rosmarinus
https://static.inaturalist.org/photos/100834870/medium.jpeg,Salvia rosmarinus
https://static.inaturalist.org/photos/100834580/medium.jpeg,Salvia rosmarinus
https://static.inaturalist.org/photos/100837925/medium.jpeg,Salvia rosmarinus
https://static.inaturalist.org/photos/100846099/medium.jpeg,Salvia rosmarinus
https://static.inaturalist.org/photos/100846924/medium.jpeg,Salvia rosmarinus
https://static.inaturalist.org/photos/100852438/medium.jpeg,Salvia rosmarinus
https://static.inaturalist.org/photos/100859489/medium.jpeg,Salvia rosmarinus
https://static.inaturalist.org/photos/100860070/medium.jpeg,Salvia rosmarinus
https://static.inaturalist.org/photos/100861667/medium.jpeg,Salvia rosmarinus
https://static.inaturalist.org/photos/100862489/medium.jpeg,Salvia rosmarinus
https://static.inaturalist.org/photos/100865580/medium.jpeg,Salvia rosmarinus
https://static.inaturalist.org/photos/100872462/medium.jpeg,Salvia rosmarinus
https://static.inaturalist.org/photos/100875386/medium.jpeg,Salvia rosmarinus
https://static.inaturalist.org/photos/100889810/medium.jpg,Salvia rosmarinus
https://static.inaturalist.org/photos/100906176/medium.jpeg,Salvia rosmarinus
https://static.inaturalist.org/photos/100917529/medium.jpeg,Salvia rosmarinus
https://static.inaturalist.org/photos/100928413/medium.jpg,Salvia rosmarinus
https://static.inaturalist.org/photos/100929236/medium.jpeg,Salvia rosmarinus
https://static.inaturalist.org/photos/100934781/medium.jpeg,Salvia rosmarinus
https://static.inaturalist.org/photos/100961513/medium.jpeg,Salvia rosmarinus
https://static.inaturalist.org/photos/100972745/medium.jpeg,Salvia rosmarinus
https://static.inaturalist.org/photos/100982636/medium.jpeg,Salvia rosmarinus
https://static.inaturalist.org/photos/100990640/medium.jpeg,Salvia rosmarinus
https://static.inaturalist.org/photos/100993425/medium.jpeg,Salvia rosmarinus
https://static.inaturalist.org/photos/101024914/medium.jpeg,Salvia rosmarinus
https://static.inaturalist.org/photos/101026768/medium.jpeg,Salvia rosmarinus
https://inaturalist-open-data.s3.amazonaws.com/photos/101089393/medium.jpeg,Salvia rosmarinus
https://static.inaturalist.org/photos/101098982/medium.jpeg,Salvia rosmarinus
https://static.inaturalist.org/photos/101101172/medium.jpeg,Salvia rosmarinus
https://static.inaturalist.org/photos/101103472/medium.jpeg,Salvia rosmarinus
https://inaturalist-open-data.s3.amazonaws.com/photos/101112398/medium.jpg,Salvia rosmarinus
https://static.inaturalist.org/photos/101191229/medium.jpeg,Salvia rosmarinus
https://inaturalist-open-data.s3.amazonaws.com/photos/101234862/medium.jpeg,Salvia rosmarinus
https://inaturalist-open-data.s3.amazonaws.com/photos/101245422/medium.jpg,Salvia rosmarinus
https://inaturalist-open-data.s3.amazonaws.com/photos/101303911/medium.jpeg,Salvia rosmarinus
https://static.inaturalist.org/photos/101320630/medium.jpeg,Salvia rosmarinus
https://inaturalist-open-data.s3.amazonaws.com/photos/101355250/medium.jpg,Salvia rosmarinus
https://inaturalist-open-data.s3.amazonaws.com/photos/101355623/medium.jpg,Salvia rosmarinus
https://inaturalist-open-data.s3.amazonaws.com/photos/101359715/medium.jpg,Salvia rosmarinus
https://inaturalist-open-data.s3.amazonaws.com/photos/101360819/medium.jpg,Salvia rosmarinus
https://inaturalist-open-data.s3.amazonaws.com/photos/101362078/medium.jpg,Salvia rosmarinus
https://inaturalist-open-data.s3.amazonaws.com/photos/101365588/medium.jpg,Salvia rosmarinus
https://inaturalist-open-data.s3.amazonaws.com/photos/101624961/medium.jpeg,Salvia rosmarinus
https://inaturalist-open-data.s3.amazonaws.com/photos/101707313/medium.jpg,Salvia rosmarinus
https://inaturalist-open-data.s3.amazonaws.com/photos/101714736/medium.jpg,Salvia rosmarinus
https://static.inaturalist.org/photos/101793482/medium.jpeg,Salvia rosmarinus
https://inaturalist-open-data.s3.amazonaws.com/photos/101794197/medium.jpeg,Salvia rosmarinus
https://inaturalist-open-data.s3.amazonaws.com/photos/101800639/medium.jpeg,Salvia rosmarinus
https://static.inaturalist.org/photos/101884103/medium.jpeg,Salvia rosmarinus
https://static.inaturalist.org/photos/101942839/medium.jpg,Salvia rosmarinus
https://inaturalist-open-data.s3.amazonaws.com/photos/101962232/medium.jpeg,Salvia rosmarinus
https://inaturalist-open-data.s3.amazonaws.com/photos/101962641/medium.jpg,Salvia rosmarinus
https://inaturalist-open-data.s3.amazonaws.com/photos/101963929/medium.jpg,Salvia rosmarinus
https://inaturalist-open-data.s3.amazonaws.com/photos/101964443/medium.jpg,Salvia rosmarinus
https://static.inaturalist.org/photos/102022271/medium.jpeg,Salvia rosmarinus
https://static.inaturalist.org/photos/102039783/medium.jpeg,Salvia rosmarinus
https://inaturalist-open-data.s3.amazonaws.com/photos/102054456/medium.jpeg,Salvia rosmarinus
https://inaturalist-open-data.s3.amazonaws.com/photos/102141172/medium.jpeg,Salvia rosmarinus
https://inaturalist-open-data.s3.amazonaws.com/photos/102164115/medium.jpeg,Salvia rosmarinus
https://inaturalist-open-data.s3.amazonaws.com/photos/102277984/medium.jpeg,Salvia rosmarinus
https://inaturalist-open-data.s3.amazonaws.com/photos/102285816/medium.jpg,Salvia rosmarinus
https://inaturalist-open-data.s3.amazonaws.com/photos/102337529/medium.jpeg,Salvia rosmarinus
https://inaturalist-open-data.s3.amazonaws.com/photos/102337769/medium.png,Svastrides melanura
https://inaturalist-open-data.s3.amazonaws.com/photos/102508307/medium.jpg,Salvia rosmarinus
https://static.inaturalist.org/photos/102608375/medium.jpg,Salvia rosmarinus
https://inaturalist-open-data.s3.amazonaws.com/photos/102625938/medium.jpeg,Salvia rosmarinus
https://static.inaturalist.org/photos/102646019/medium.jpeg,Salvia rosmarinus
https://static.inaturalist.org/photos/102646305/medium.jpeg,Salvia rosmarinus
https://static.inaturalist.org/photos/102646596/medium.jpeg,Salvia rosmarinus
https://inaturalist-open-data.s3.amazonaws.com/photos/104224009/medium.jpg,Salvia rosmarinus
https://inaturalist-open-data.s3.amazonaws.com/photos/103022582/medium.jpeg,Salvia rosmarinus
https://inaturalist-open-data.s3.amazonaws.com/photos/103132687/medium.jpeg,Salvia rosmarinus
https://inaturalist-open-data.s3.amazonaws.com/photos/103153213/medium.jpeg,Salvia rosmarinus
https://inaturalist-open-data.s3.amazonaws.com/photos/103322296/medium.jpeg,Salvia rosmarinus
https://inaturalist-open-data.s3.amazonaws.com/photos/103352851/medium.jpeg,Salvia rosmarinus
https://inaturalist-open-data.s3.amazonaws.com/photos/103513583/medium.jpg,Salvia rosmarinus
https://inaturalist-open-data.s3.amazonaws.com/photos/103513622/medium.jpg,Salvia rosmarinus
https://inaturalist-open-data.s3.amazonaws.com/photos/103516960/medium.jpg,Salvia rosmarinus
https://inaturalist-open-data.s3.amazonaws.com/photos/103589141/medium.jpg,Salvia rosmarinus
https://inaturalist-open-data.s3.amazonaws.com/photos/103724855/medium.jpeg,Salvia rosmarinus
https://inaturalist-open-data.s3.amazonaws.com/photos/103738504/medium.jpg,Salvia rosmarinus
https://static.inaturalist.org/photos/103770161/medium.jpeg,Salvia rosmarinus
https://inaturalist-open-data.s3.amazonaws.com/photos/103795201/medium.jpg,Apis mellifera
https://inaturalist-open-data.s3.amazonaws.com/photos/103849144/medium.jpg,Salvia rosmarinus
https://inaturalist-open-data.s3.amazonaws.com/photos/103991256/medium.jpg,Salvia rosmarinus
https://inaturalist-open-data.s3.amazonaws.com/photos/103991744/medium.jpeg,Salvia rosmarinus
https://static.inaturalist.org/photos/103994351/medium.jpeg,Salvia rosmarinus
https://static.inaturalist.org/photos/104022190/medium.jpeg,Salvia rosmarinus
https://inaturalist-open-data.s3.amazonaws.com/photos/104049620/medium.jpg,Salvia rosmarinus
https://inaturalist-open-data.s3.amazonaws.com/photos/104136625/medium.jpg,Hypocritanus fascipennis
https://inaturalist-open-data.s3.amazonaws.com/photos/104136694/medium.jpg,Apis mellifera
https://inaturalist-open-data.s3.amazonaws.com/photos/104156258/medium.jpg,Salvia rosmarinus
https://inaturalist-open-data.s3.amazonaws.com/photos/104204394/medium.jpeg,Salvia rosmarinus
https://inaturalist-open-data.s3.amazonaws.com/photos/104208203/medium.jpeg,Salvia rosmarinus
https://inaturalist-open-data.s3.amazonaws.com/photos/104235861/medium.jpeg,Salvia rosmarinus
https://static.inaturalist.org/photos/104236033/medium.jpg,Salvia rosmarinus
https://inaturalist-open-data.s3.amazonaws.com/photos/104275217/medium.jpg,Salvia rosmarinus
https://inaturalist-open-data.s3.amazonaws.com/photos/104313054/medium.jpeg,Salvia rosmarinus
https://inaturalist-open-data.s3.amazonaws.com/photos/104317603/medium.jpg,Salvia rosmarinus
https://inaturalist-open-data.s3.amazonaws.com/photos/104317619/medium.jpg,Salvia rosmarinus
https://inaturalist-open-data.s3.amazonaws.com/photos/104317659/medium.jpg,Salvia rosmarinus
https://inaturalist-open-data.s3.amazonaws.com/photos/104320636/medium.jpg,Salvia rosmarinus
https://static.inaturalist.org/photos/104328935/medium.jpeg,Salvia rosmarinus
https://inaturalist-open-data.s3.amazonaws.com/photos/104331589/medium.jpg,Salvia rosmarinus
https://static.inaturalist.org/photos/104338969/medium.jpeg,Salvia rosmarinus
https://static.inaturalist.org/photos/104347946/medium.jpg,Salvia rosmarinus
https://inaturalist-open-data.s3.amazonaws.com/photos/104347608/medium.jpg,Salvia rosmarinus
https://inaturalist-open-data.s3.amazonaws.com/photos/104402335/medium.jpeg,Salvia rosmarinus
https://static.inaturalist.org/photos/104449673/medium.jpeg,Salvia rosmarinus
https://static.inaturalist.org/photos/104461716/medium.jpeg,Salvia rosmarinus
https://static.inaturalist.org/photos/104512232/medium.jpeg,Salvia rosmarinus
https://static.inaturalist.org/photos/104557116/medium.jpeg,Salvia rosmarinus
https://static.inaturalist.org/photos/104603078/medium.jpg,Salvia rosmarinus
https://static.inaturalist.org/photos/104603103/medium.jpg,Salvia rosmarinus
https://static.inaturalist.org/photos/104647307/medium.jpeg,Salvia rosmarinus
https://inaturalist-open-data.s3.amazonaws.com/photos/104694673/medium.jpeg,Salvia rosmarinus
https://inaturalist-open-data.s3.amazonaws.com/photos/104694917/medium.jpeg,Salvia rosmarinus
https://static.inaturalist.org/photos/104706042/medium.jpg,Salvia rosmarinus
https://inaturalist-open-data.s3.amazonaws.com/photos/104706085/medium.jpg,Salvia rosmarinus
https://static.inaturalist.org/photos/104714327/medium.jpg,Salvia rosmarinus
https://inaturalist-open-data.s3.amazonaws.com/photos/104752608/medium.jpg,Apis mellifera
https://static.inaturalist.org/photos/104757580/medium.jpeg,Salvia rosmarinus
https://inaturalist-open-data.s3.amazonaws.com/photos/104808988/medium.jpg,Salvia rosmarinus
https://inaturalist-open-data.s3.amazonaws.com/photos/104813762/medium.jpg,Salvia rosmarinus
https://static.inaturalist.org/photos/104825108/medium.jpeg,Salvia rosmarinus
https://inaturalist-open-data.s3.amazonaws.com/photos/104837317/medium.jpeg,Salvia rosmarinus
https://inaturalist-open-data.s3.amazonaws.com/photos/104845323/medium.jpg,Salvia rosmarinus
https://static.inaturalist.org/photos/104873228/medium.jpeg,Salvia rosmarinus
https://inaturalist-open-data.s3.amazonaws.com/photos/104921318/medium.jpeg,Salvia rosmarinus
https://static.inaturalist.org/photos/104946800/medium.jpeg,Salvia rosmarinus
https://inaturalist-open-data.s3.amazonaws.com/photos/105015671/medium.jpg,Salvia rosmarinus
https://inaturalist-open-data.s3.amazonaws.com/photos/105029471/medium.jpeg,Salvia rosmarinus
https://static.inaturalist.org/photos/105032772/medium.jpg,Salvia rosmarinus
https://static.inaturalist.org/photos/105140543/medium.jpeg,Salvia rosmarinus
https://inaturalist-open-data.s3.amazonaws.com/photos/105141052/medium.jpeg,Salvia rosmarinus
https://inaturalist-open-data.s3.amazonaws.com/photos/105154739/medium.jpg,Apis mellifera
https://inaturalist-open-data.s3.amazonaws.com/photos/105168484/medium.jpg,Salvia rosmarinus
https://inaturalist-open-data.s3.amazonaws.com/photos/105184081/medium.jpg,Salvia rosmarinus
https://static.inaturalist.org/photos/105254816/medium.jpeg,Salvia rosmarinus
https://static.inaturalist.org/photos/105290184/medium.jpeg,Salvia rosmarinus
https://inaturalist-open-data.s3.amazonaws.com/photos/105301324/medium.jpg,Salvia rosmarinus
https://inaturalist-open-data.s3.amazonaws.com/photos/105387432/medium.jpg,Salvia rosmarinus
https://inaturalist-open-data.s3.amazonaws.com/photos/105397203/medium.jpg,Salvia rosmarinus
https://inaturalist-open-data.s3.amazonaws.com/photos/105400926/medium.jpeg,Salvia rosmarinus
https://static.inaturalist.org/photos/105482298/medium.jpeg,Salvia rosmarinus
https://inaturalist-open-data.s3.amazonaws.com/photos/105490344/medium.jpeg,Salvia rosmarinus
https://inaturalist-open-data.s3.amazonaws.com/photos/105490663/medium.jpeg,Salvia rosmarinus
https://inaturalist-open-data.s3.amazonaws.com/photos/105669738/medium.jpeg,Salvia rosmarinus
https://inaturalist-open-data.s3.amazonaws.com/photos/105806455/medium.jpg,Salvia rosmarinus
https://inaturalist-open-data.s3.amazonaws.com/photos/105873361/medium.jpg,Salvia rosmarinus
https://inaturalist-open-data.s3.amazonaws.com/photos/106001127/medium.jpeg,Salvia rosmarinus
https://static.inaturalist.org/photos/106139284/medium.jpeg,Salvia rosmarinus
https://static.inaturalist.org/photos/106171469/medium.jpg,Salvia rosmarinus
https://inaturalist-open-data.s3.amazonaws.com/photos/106233373/medium.jpg,Salvia rosmarinus
https://inaturalist-open-data.s3.amazonaws.com/photos/106239560/medium.jpg,Salvia rosmarinus
https://inaturalist-open-data.s3.amazonaws.com/photos/106342109/medium.jpeg,Salvia rosmarinus
https://inaturalist-open-data.s3.amazonaws.com/photos/106479562/medium.jpg,Salvia rosmarinus
https://inaturalist-open-data.s3.amazonaws.com/photos/106479596/medium.jpg,Salvia rosmarinus
https://static.inaturalist.org/photos/106557568/medium.jpeg,Salvia rosmarinus
https://inaturalist-open-data.s3.amazonaws.com/photos/106560267/medium.jpeg,Salvia rosmarinus
https://inaturalist-open-data.s3.amazonaws.com/photos/106569115/medium.jpeg,Salvia rosmarinus
https://inaturalist-open-data.s3.amazonaws.com/photos/106579516/medium.jpg,Salvia rosmarinus
https://inaturalist-open-data.s3.amazonaws.com/photos/106579521/medium.jpg,Salvia rosmarinus
https://inaturalist-open-data.s3.amazonaws.com/photos/106580395/medium.jpg,Salvia rosmarinus
https://inaturalist-open-data.s3.amazonaws.com/photos/106580677/medium.jpg,Salvia rosmarinus
https://inaturalist-open-data.s3.amazonaws.com/photos/106590952/medium.jpeg,Salvia rosmarinus
https://inaturalist-open-data.s3.amazonaws.com/photos/106666666/medium.jpg,Salvia rosmarinus
https://inaturalist-open-data.s3.amazonaws.com/photos/106666674/medium.jpg,Salvia rosmarinus
https://inaturalist-open-data.s3.amazonaws.com/photos/106666682/medium.jpg,Salvia rosmarinus
https://inaturalist-open-data.s3.amazonaws.com/photos/106673491/medium.jpg,Salvia rosmarinus
https://inaturalist-open-data.s3.amazonaws.com/photos/106821688/medium.jpeg,Salvia rosmarinus
https://inaturalist-open-data.s3.amazonaws.com/photos/106901219/medium.jpeg,Salvia rosmarinus
https://inaturalist-open-data.s3.amazonaws.com/photos/106903001/medium.jpeg,Salvia rosmarinus
https://inaturalist-open-data.s3.amazonaws.com/photos/106974724/medium.jpeg,Salvia rosmarinus
https://inaturalist-open-data.s3.amazonaws.com/photos/106981109/medium.jpg,Salvia rosmarinus
https://inaturalist-open-data.s3.amazonaws.com/photos/106981644/medium.jpg,Salvia rosmarinus
https://inaturalist-open-data.s3.amazonaws.com/photos/107022078/medium.jpg,Salvia rosmarinus
https://inaturalist-open-data.s3.amazonaws.com/photos/107036421/medium.jpeg,Salvia rosmarinus
https://static.inaturalist.org/photos/107059349/medium.jpeg,Salvia rosmarinus
https://inaturalist-open-data.s3.amazonaws.com/photos/107062112/medium.jpeg,Salvia rosmarinus
https://inaturalist-open-data.s3.amazonaws.com/photos/107063882/medium.jpg,Salvia rosmarinus
https://static.inaturalist.org/photos/107111242/medium.jpeg,Salvia rosmarinus
https://static.inaturalist.org/photos/107149521/medium.jpeg,Salvia rosmarinus
https://inaturalist-open-data.s3.amazonaws.com/photos/107166228/medium.jpg,Salvia rosmarinus
https://static.inaturalist.org/photos/107200785/medium.jpeg,Salvia rosmarinus
https://static.inaturalist.org/photos/107235906/medium.jpeg,Salvia rosmarinus
https://static.inaturalist.org/photos/107256201/medium.jpg,Salvia rosmarinus
https://inaturalist-open-data.s3.amazonaws.com/photos/107270846/medium.jpg,Salvia rosmarinus
https://inaturalist-open-data.s3.amazonaws.com/photos/107280318/medium.jpeg,Salvia rosmarinus
https://inaturalist-open-data.s3.amazonaws.com/photos/107281490/medium.jpg,Salvia rosmarinus
https://inaturalist-open-data.s3.amazonaws.com/photos/107409458/medium.jpg,Chrysolina americana
https://inaturalist-open-data.s3.amazonaws.com/photos/107416590/medium.jpeg,Salvia rosmarinus
https://inaturalist-open-data.s3.amazonaws.com/photos/107419944/medium.jpeg,Salvia rosmarinus
https://inaturalist-open-data.s3.amazonaws.com/photos/107429755/medium.jpg,Macaroeris nidicolens
https://inaturalist-open-data.s3.amazonaws.com/photos/107440956/medium.jpeg,Salvia rosmarinus
https://inaturalist-open-data.s3.amazonaws.com/photos/107569838/medium.jpg,Salvia rosmarinus
https://inaturalist-open-data.s3.amazonaws.com/photos/107586198/medium.jpeg,Salvia rosmarinus
https://inaturalist-open-data.s3.amazonaws.com/photos/107719136/medium.jpeg,Salvia rosmarinus
https://inaturalist-open-data.s3.amazonaws.com/photos/107760017/medium.jpg,Salvia rosmarinus
https://inaturalist-open-data.s3.amazonaws.com/photos/107804229/medium.jpg,Salvia rosmarinus
https://inaturalist-open-data.s3.amazonaws.com/photos/107804260/medium.jpg,Salvia rosmarinus
https://static.inaturalist.org/photos/107838370/medium.jpeg,Salvia rosmarinus
https://inaturalist-open-data.s3.amazonaws.com/photos/107844714/medium.jpeg,Salvia rosmarinus
https://inaturalist-open-data.s3.amazonaws.com/photos/107852175/medium.jpg,Salvia rosmarinus
https://static.inaturalist.org/photos/107890199/medium.jpeg,Salvia rosmarinus
https://inaturalist-open-data.s3.amazonaws.com/photos/107895468/medium.jpg,Salvia rosmarinus
https://inaturalist-open-data.s3.amazonaws.com/photos/107903220/medium.jpg,Salvia rosmarinus
https://static.inaturalist.org/photos/107911601/medium.jpeg,Salvia rosmarinus
https://static.inaturalist.org/photos/107920675/medium.jpg,Salvia rosmarinus
https://inaturalist-open-data.s3.amazonaws.com/photos/107931500/medium.jpg,Salvia rosmarinus
https://inaturalist-open-data.s3.amazonaws.com/photos/107936680/medium.jpg,Salvia rosmarinus
https://inaturalist-open-data.s3.amazonaws.com/photos/108068590/medium.jpeg,Salvia rosmarinus
https://inaturalist-open-data.s3.amazonaws.com/photos/108019428/medium.jpg,Salvia rosmarinus
https://inaturalist-open-data.s3.amazonaws.com/photos/108070119/medium.jpeg,Salvia rosmarinus
https://inaturalist-open-data.s3.amazonaws.com/photos/108090787/medium.jpg,Salvia rosmarinus
https://static.inaturalist.org/photos/108139736/medium.jpeg,Salvia rosmarinus
https://inaturalist-open-data.s3.amazonaws.com/photos/108144168/medium.jpeg,Salvia rosmarinus
https://inaturalist-open-data.s3.amazonaws.com/photos/108157731/medium.jpg,Salvia rosmarinus
https://inaturalist-open-data.s3.amazonaws.com/photos/108172911/medium.jpeg,Salvia rosmarinus
https://inaturalist-open-data.s3.amazonaws.com/photos/108230544/medium.jpeg,Salvia rosmarinus
https://inaturalist-open-data.s3.amazonaws.com/photos/108244868/medium.jpg,Salvia rosmarinus
https://inaturalist-open-data.s3.amazonaws.com/photos/108300171/medium.jpeg,Salvia rosmarinus
https://static.inaturalist.org/photos/108298343/medium.jpg,Salvia rosmarinus
https://inaturalist-open-data.s3.amazonaws.com/photos/108303543/medium.jpg,Salvia rosmarinus
https://inaturalist-open-data.s3.amazonaws.com/photos/108309114/medium.jpeg,Salvia rosmarinus
https://inaturalist-open-data.s3.amazonaws.com/photos/108316138/medium.jpg,Salvia rosmarinus
https://inaturalist-open-data.s3.amazonaws.com/photos/108320895/medium.jpg,Salvia rosmarinus
https://inaturalist-open-data.s3.amazonaws.com/photos/108321211/medium.jpg,Salvia rosmarinus
https://inaturalist-open-data.s3.amazonaws.com/photos/108321843/medium.jpg,Salvia rosmarinus
https://inaturalist-open-data.s3.amazonaws.com/photos/108322589/medium.jpg,Salvia rosmarinus
https://static.inaturalist.org/photos/108388867/medium.jpeg,Salvia rosmarinus
https://inaturalist-open-data.s3.amazonaws.com/photos/108395971/medium.jpeg,Salvia rosmarinus
https://inaturalist-open-data.s3.amazonaws.com/photos/108405615/medium.jpg,Salvia rosmarinus
https://static.inaturalist.org/photos/108441766/medium.jpeg,Salvia rosmarinus
https://inaturalist-open-data.s3.amazonaws.com/photos/108448201/medium.jpg,Salvia rosmarinus
https://static.inaturalist.org/photos/108484092/medium.jpg,Salvia rosmarinus
https://inaturalist-open-data.s3.amazonaws.com/photos/108492133/medium.jpeg,Salvia rosmarinus
https://static.inaturalist.org/photos/108497005/medium.jpeg,Salvia rosmarinus
https://inaturalist-open-data.s3.amazonaws.com/photos/108509244/medium.jpeg,Salvia rosmarinus
https://inaturalist-open-data.s3.amazonaws.com/photos/108538921/medium.jpg,Salvia rosmarinus
https://inaturalist-open-data.s3.amazonaws.com/photos/108543883/medium.jpg,Salvia rosmarinus
https://inaturalist-open-data.s3.amazonaws.com/photos/108621929/medium.jpg,Salvia rosmarinus
https://inaturalist-open-data.s3.amazonaws.com/photos/108622051/medium.jpg,Salvia rosmarinus
https://inaturalist-open-data.s3.amazonaws.com/photos/108622102/medium.jpg,Salvia rosmarinus
https://static.inaturalist.org/photos/108643353/medium.jpeg,Salvia rosmarinus
https://static.inaturalist.org/photos/108686860/medium.jpg,Salvia rosmarinus
https://inaturalist-open-data.s3.amazonaws.com/photos/108700386/medium.jpeg,Salvia rosmarinus
https://static.inaturalist.org/photos/108701844/medium.jpeg,Salvia rosmarinus
https://static.inaturalist.org/photos/108787375/medium.jpeg,Salvia rosmarinus
https://static.inaturalist.org/photos/108788130/medium.jpeg,Salvia rosmarinus
https://inaturalist-open-data.s3.amazonaws.com/photos/108804546/medium.jpg,Salvia rosmarinus
https://inaturalist-open-data.s3.amazonaws.com/photos/108819858/medium.jpeg,Salvia rosmarinus
https://inaturalist-open-data.s3.amazonaws.com/photos/108880541/medium.jpeg,Salvia rosmarinus
https://inaturalist-open-data.s3.amazonaws.com/photos/108905509/medium.jpg,Salvia rosmarinus
https://inaturalist-open-data.s3.amazonaws.com/photos/108979628/medium.jpeg,Salvia rosmarinus
https://static.inaturalist.org/photos/108988562/medium.jpg,Salvia rosmarinus
https://inaturalist-open-data.s3.amazonaws.com/photos/109019132/medium.jpg,Salvia rosmarinus
https://static.inaturalist.org/photos/109088906/medium.jpeg,Salvia rosmarinus
https://static.inaturalist.org/photos/109092013/medium.jpeg,Salvia rosmarinus
https://inaturalist-open-data.s3.amazonaws.com/photos/109111568/medium.jpg,Salvia rosmarinus
https://inaturalist-open-data.s3.amazonaws.com/photos/109144384/medium.jpeg,Salvia rosmarinus
https://static.inaturalist.org/photos/109191278/medium.jpeg,Salvia rosmarinus
https://inaturalist-open-data.s3.amazonaws.com/photos/109196408/medium.jpeg,Salvia rosmarinus
https://static.inaturalist.org/photos/109310985/medium.jpeg,Salvia rosmarinus
https://inaturalist-open-data.s3.amazonaws.com/photos/109313274/medium.jpeg,Salvia rosmarinus
https://static.inaturalist.org/photos/109319710/medium.jpeg,Salvia rosmarinus
https://inaturalist-open-data.s3.amazonaws.com/photos/109321663/medium.jpeg,Salvia rosmarinus
https://inaturalist-open-data.s3.amazonaws.com/photos/109321668/medium.jpeg,Salvia rosmarinus
https://inaturalist-open-data.s3.amazonaws.com/photos/109363108/medium.jpeg,Salvia rosmarinus
https://static.inaturalist.org/photos/109371685/medium.jpeg,Salvia rosmarinus
https://inaturalist-open-data.s3.amazonaws.com/photos/109387047/medium.jpg,Salvia rosmarinus
https://inaturalist-open-data.s3.amazonaws.com/photos/109403282/medium.jpg,Salvia rosmarinus
https://static.inaturalist.org/photos/109478902/medium.jpeg,Salvia rosmarinus
https://inaturalist-open-data.s3.amazonaws.com/photos/109482926/medium.jpeg,Salvia rosmarinus
https://inaturalist-open-data.s3.amazonaws.com/photos/109576017/medium.jpg,Salvia rosmarinus
https://inaturalist-open-data.s3.amazonaws.com/photos/109735225/medium.jpeg,Salvia rosmarinus
https://inaturalist-open-data.s3.amazonaws.com/photos/109748812/medium.jpeg,Salvia rosmarinus
https://static.inaturalist.org/photos/109754803/medium.jpg,Salvia rosmarinus
https://inaturalist-open-data.s3.amazonaws.com/photos/109853833/medium.jpg,Salvia rosmarinus
https://inaturalist-open-data.s3.amazonaws.com/photos/109934108/medium.jpeg,Salvia rosmarinus
https://inaturalist-open-data.s3.amazonaws.com/photos/109938436/medium.jpg,Salvia rosmarinus
https://inaturalist-open-data.s3.amazonaws.com/photos/33833989/medium.jpg,Glaucopsyche melanops
https://inaturalist-open-data.s3.amazonaws.com/photos/110187012/medium.jpeg,Salvia rosmarinus
https://static.inaturalist.org/photos/110192626/medium.jpg,Salvia rosmarinus
https://inaturalist-open-data.s3.amazonaws.com/photos/110204681/medium.jpg,Salvia rosmarinus
https://inaturalist-open-data.s3.amazonaws.com/photos/110191277/medium.jpg,Salvia rosmarinus
https://inaturalist-open-data.s3.amazonaws.com/photos/110191310/medium.jpg,Salvia rosmarinus
https://inaturalist-open-data.s3.amazonaws.com/photos/110191351/medium.jpg,Salvia rosmarinus
https://inaturalist-open-data.s3.amazonaws.com/photos/110192710/medium.jpg,Salvia rosmarinus
https://inaturalist-open-data.s3.amazonaws.com/photos/110204577/medium.jpg,Salvia rosmarinus
https://inaturalist-open-data.s3.amazonaws.com/photos/110205322/medium.jpg,Salvia rosmarinus
https://inaturalist-open-data.s3.amazonaws.com/photos/110207584/medium.jpeg,Salvia rosmarinus
https://inaturalist-open-data.s3.amazonaws.com/photos/110219871/medium.jpeg,Salvia rosmarinus
https://static.inaturalist.org/photos/110222791/medium.jpeg,Salvia rosmarinus
https://inaturalist-open-data.s3.amazonaws.com/photos/110215406/medium.jpeg,Salvia rosmarinus
https://inaturalist-open-data.s3.amazonaws.com/photos/110231541/medium.jpg,Salvia rosmarinus
https://inaturalist-open-data.s3.amazonaws.com/photos/110293039/medium.jpeg,Salvia rosmarinus
https://static.inaturalist.org/photos/110395661/medium.jpg,Salvia rosmarinus
https://static.inaturalist.org/photos/110433652/medium.jpg,Salvia rosmarinus
https://inaturalist-open-data.s3.amazonaws.com/photos/110427113/medium.jpeg,Salvia rosmarinus
https://inaturalist-open-data.s3.amazonaws.com/photos/110427442/medium.jpeg,Salvia rosmarinus
https://inaturalist-open-data.s3.amazonaws.com/photos/110439109/medium.jpeg,Salvia rosmarinus
https://inaturalist-open-data.s3.amazonaws.com/photos/110489046/medium.jpg,Salvia rosmarinus
https://inaturalist-open-data.s3.amazonaws.com/photos/110514484/medium.jpeg,Salvia rosmarinus
https://static.inaturalist.org/photos/110526369/medium.jpg,Salvia rosmarinus
https://static.inaturalist.org/photos/110528817/medium.jpeg,Salvia rosmarinus
https://inaturalist-open-data.s3.amazonaws.com/photos/110529216/medium.jpeg,Salvia rosmarinus
https://inaturalist-open-data.s3.amazonaws.com/photos/110683703/medium.jpg,Salvia rosmarinus
https://inaturalist-open-data.s3.amazonaws.com/photos/110777075/medium.jpg,Salvia rosmarinus
https://inaturalist-open-data.s3.amazonaws.com/photos/110847971/medium.jpg,Salvia rosmarinus
https://static.inaturalist.org/photos/110866770/medium.jpeg,Salvia rosmarinus
https://inaturalist-open-data.s3.amazonaws.com/photos/110904571/medium.jpg,Salvia rosmarinus
https://inaturalist-open-data.s3.amazonaws.com/photos/110911500/medium.jpeg,Salvia rosmarinus
https://inaturalist-open-data.s3.amazonaws.com/photos/110937996/medium.jpg,Salvia rosmarinus
https://inaturalist-open-data.s3.amazonaws.com/photos/110956660/medium.jpeg,Salvia rosmarinus
https://inaturalist-open-data.s3.amazonaws.com/photos/111119156/medium.jpg,Salvia rosmarinus
https://inaturalist-open-data.s3.amazonaws.com/photos/111119240/medium.jpg,Salvia rosmarinus
https://inaturalist-open-data.s3.amazonaws.com/photos/111186683/medium.jpeg,Salvia rosmarinus
https://static.inaturalist.org/photos/111187700/medium.jpeg,Salvia rosmarinus
https://static.inaturalist.org/photos/111211660/medium.jpeg,Salvia rosmarinus
https://inaturalist-open-data.s3.amazonaws.com/photos/111243400/medium.jpg,Salvia rosmarinus
https://static.inaturalist.org/photos/111271730/medium.jpg,Salvia rosmarinus
https://inaturalist-open-data.s3.amazonaws.com/photos/111279321/medium.jpg,Salvia rosmarinus
https://inaturalist-open-data.s3.amazonaws.com/photos/111279336/medium.jpg,Salvia rosmarinus
https://inaturalist-open-data.s3.amazonaws.com/photos/111280724/medium.jpg,Salvia rosmarinus
https://inaturalist-open-data.s3.amazonaws.com/photos/111280751/medium.jpg,Salvia rosmarinus
https://inaturalist-open-data.s3.amazonaws.com/photos/111281506/medium.jpeg,Salvia rosmarinus
https://static.inaturalist.org/photos/111285285/medium.jpeg,Salvia rosmarinus
https://static.inaturalist.org/photos/111307915/medium.jpeg,Salvia rosmarinus
https://inaturalist-open-data.s3.amazonaws.com/photos/111354609/medium.jpeg,Solenosthedium bilunatum
https://static.inaturalist.org/photos/111358184/medium.jpeg,Salvia rosmarinus
https://inaturalist-open-data.s3.amazonaws.com/photos/111414837/medium.jpg,Salvia rosmarinus
https://inaturalist-open-data.s3.amazonaws.com/photos/111418436/medium.jpeg,Salvia rosmarinus
https://static.inaturalist.org/photos/111491514/medium.jpg,Salvia rosmarinus
https://static.inaturalist.org/photos/111497380/medium.jpeg,Salvia rosmarinus
https://static.inaturalist.org/photos/111497740/medium.jpeg,Salvia rosmarinus
https://static.inaturalist.org/photos/111594566/medium.jpeg,Salvia rosmarinus
https://inaturalist-open-data.s3.amazonaws.com/photos/111599379/medium.jpg,Salvia rosmarinus
https://inaturalist-open-data.s3.amazonaws.com/photos/111599843/medium.jpg,Salvia rosmarinus
https://inaturalist-open-data.s3.amazonaws.com/photos/111605788/medium.jpg,Salvia rosmarinus
https://inaturalist-open-data.s3.amazonaws.com/photos/111616303/medium.jpeg,Salvia rosmarinus
https://static.inaturalist.org/photos/111635796/medium.jpg,Salvia rosmarinus
https://inaturalist-open-data.s3.amazonaws.com/photos/111657470/medium.jpg,Salvia rosmarinus
https://static.inaturalist.org/photos/111697710/medium.jpeg,Salvia rosmarinus
https://inaturalist-open-data.s3.amazonaws.com/photos/111703724/medium.jpeg,Salvia rosmarinus
https://inaturalist-open-data.s3.amazonaws.com/photos/111703734/medium.jpeg,Salvia rosmarinus
https://inaturalist-open-data.s3.amazonaws.com/photos/111806742/medium.jpg,Salvia rosmarinus
https://static.inaturalist.org/photos/111807607/medium.jpeg,Salvia rosmarinus
https://static.inaturalist.org/photos/111808489/medium.jpeg,Salvia rosmarinus
https://static.inaturalist.org/photos/111812774/medium.jpg,Salvia rosmarinus
https://inaturalist-open-data.s3.amazonaws.com/photos/111817870/medium.jpg,Salvia rosmarinus
https://inaturalist-open-data.s3.amazonaws.com/photos/111817943/medium.jpg,Salvia rosmarinus
https://inaturalist-open-data.s3.amazonaws.com/photos/111818061/medium.jpg,Salvia rosmarinus
https://inaturalist-open-data.s3.amazonaws.com/photos/111818091/medium.jpg,Salvia rosmarinus
https://inaturalist-open-data.s3.amazonaws.com/photos/111819727/medium.jpg,Salvia rosmarinus
https://inaturalist-open-data.s3.amazonaws.com/photos/111876735/medium.jpg,Salvia rosmarinus
https://inaturalist-open-data.s3.amazonaws.com/photos/111883240/medium.jpeg,Salvia rosmarinus
https://inaturalist-open-data.s3.amazonaws.com/photos/111945645/medium.jpeg,Salvia rosmarinus
https://inaturalist-open-data.s3.amazonaws.com/photos/111957134/medium.jpeg,Salvia rosmarinus
https://inaturalist-open-data.s3.amazonaws.com/photos/111960780/medium.jpg,Salvia rosmarinus
https://inaturalist-open-data.s3.amazonaws.com/photos/111968296/medium.jpeg,Salvia rosmarinus
https://inaturalist-open-data.s3.amazonaws.com/photos/112116940/medium.jpg,Salvia rosmarinus
https://inaturalist-open-data.s3.amazonaws.com/photos/112138361/medium.jpeg,Salvia rosmarinus
https://static.inaturalist.org/photos/112160201/medium.jpeg,Salvia rosmarinus
https://static.inaturalist.org/photos/112160245/medium.jpeg,Salvia rosmarinus
https://static.inaturalist.org/photos/112160903/medium.jpeg,Salvia rosmarinus
https://inaturalist-open-data.s3.amazonaws.com/photos/112229438/medium.jpg,Salvia rosmarinus
https://static.inaturalist.org/photos/112248060/medium.jpg,Salvia rosmarinus
https://inaturalist-open-data.s3.amazonaws.com/photos/112249247/medium.jpeg,Salvia rosmarinus
https://static.inaturalist.org/photos/112262763/medium.jpeg,Salvia rosmarinus
https://inaturalist-open-data.s3.amazonaws.com/photos/112272256/medium.jpeg,Salvia rosmarinus
https://inaturalist-open-data.s3.amazonaws.com/photos/112286529/medium.jpeg,Salvia rosmarinus
https://static.inaturalist.org/photos/112331295/medium.jpeg,Salvia rosmarinus
https://static.inaturalist.org/photos/112333919/medium.jpeg,Salvia rosmarinus
https://inaturalist-open-data.s3.amazonaws.com/photos/112349120/medium.jpeg,Salvia rosmarinus
https://static.inaturalist.org/photos/112440515/medium.jpg,Salvia rosmarinus
https://inaturalist-open-data.s3.amazonaws.com/photos/112461820/medium.jpeg,Salvia rosmarinus
https://inaturalist-open-data.s3.amazonaws.com/photos/112521961/medium.jpeg,Salvia rosmarinus
https://static.inaturalist.org/photos/112523791/medium.jpg,Salvia rosmarinus
https://inaturalist-open-data.s3.amazonaws.com/photos/112528331/medium.jpg,Salvia rosmarinus
https://static.inaturalist.org/photos/112602973/medium.jpeg,Salvia rosmarinus
https://inaturalist-open-data.s3.amazonaws.com/photos/112604756/medium.jpg,Salvia rosmarinus
https://static.inaturalist.org/photos/112623602/medium.jpeg,Salvia rosmarinus
https://inaturalist-open-data.s3.amazonaws.com/photos/112769890/medium.jpeg,Salvia rosmarinus
https://inaturalist-open-data.s3.amazonaws.com/photos/112769944/medium.jpeg,Salvia rosmarinus
https://static.inaturalist.org/photos/112776828/medium.jpeg,Salvia rosmarinus
https://static.inaturalist.org/photos/112776873/medium.jpeg,Salvia rosmarinus
https://inaturalist-open-data.s3.amazonaws.com/photos/112781340/medium.jpg,Salvia rosmarinus
https://inaturalist-open-data.s3.amazonaws.com/photos/112787372/medium.jpeg,Salvia rosmarinus
https://inaturalist-open-data.s3.amazonaws.com/photos/112788330/medium.jpg,Salvia rosmarinus
https://inaturalist-open-data.s3.amazonaws.com/photos/112788764/medium.jpeg,Salvia rosmarinus
https://inaturalist-open-data.s3.amazonaws.com/photos/112788833/medium.jpeg,Salvia rosmarinus
https://inaturalist-open-data.s3.amazonaws.com/photos/112796346/medium.jpg,Salvia rosmarinus
https://inaturalist-open-data.s3.amazonaws.com/photos/112797282/medium.jpg,Salvia rosmarinus
https://inaturalist-open-data.s3.amazonaws.com/photos/112798628/medium.jpeg,Salvia rosmarinus
https://static.inaturalist.org/photos/112811321/medium.jpg,Salvia rosmarinus
https://inaturalist-open-data.s3.amazonaws.com/photos/112874200/medium.jpg,Salvia rosmarinus
https://inaturalist-open-data.s3.amazonaws.com/photos/112875591/medium.jpg,Salvia rosmarinus
https://static.inaturalist.org/photos/112881418/medium.jpeg,Salvia rosmarinus
https://inaturalist-open-data.s3.amazonaws.com/photos/112882107/medium.jpeg,Salvia rosmarinus
https://inaturalist-open-data.s3.amazonaws.com/photos/112882444/medium.jpeg,Salvia rosmarinus
https://inaturalist-open-data.s3.amazonaws.com/photos/112886117/medium.jpeg,Salvia rosmarinus
https://static.inaturalist.org/photos/112886787/medium.jpeg,Salvia rosmarinus
https://inaturalist-open-data.s3.amazonaws.com/photos/112894966/medium.jpg,Salvia rosmarinus
https://inaturalist-open-data.s3.amazonaws.com/photos/112897426/medium.jpeg,Salvia rosmarinus
https://static.inaturalist.org/photos/112912371/medium.jpg,Salvia rosmarinus
https://static.inaturalist.org/photos/112926792/medium.jpeg,Salvia rosmarinus
https://inaturalist-open-data.s3.amazonaws.com/photos/112949170/medium.jpeg,Salvia rosmarinus
https://inaturalist-open-data.s3.amazonaws.com/photos/112988198/medium.jpeg,Salvia rosmarinus
https://inaturalist-open-data.s3.amazonaws.com/photos/113005032/medium.jpg,Salvia rosmarinus
https://static.inaturalist.org/photos/113014536/medium.jpeg,Salvia rosmarinus
https://static.inaturalist.org/photos/113022846/medium.jpeg,Salvia rosmarinus
https://inaturalist-open-data.s3.amazonaws.com/photos/113087447/medium.jpg,Salvia rosmarinus
https://static.inaturalist.org/photos/113279319/medium.jpeg,Salvia rosmarinus
https://inaturalist-open-data.s3.amazonaws.com/photos/113281113/medium.jpg,Salvia rosmarinus
https://inaturalist-open-data.s3.amazonaws.com/photos/113290529/medium.jpeg,Salvia rosmarinus
https://inaturalist-open-data.s3.amazonaws.com/photos/113298599/medium.jpeg,Salvia rosmarinus
https://static.inaturalist.org/photos/113381693/medium.jpeg,Salvia rosmarinus
https://inaturalist-open-data.s3.amazonaws.com/photos/113448847/medium.jpeg,Salvia rosmarinus
https://static.inaturalist.org/photos/113449467/medium.jpeg,Salvia rosmarinus
https://static.inaturalist.org/photos/113449602/medium.jpeg,Chrysolina americana
https://inaturalist-open-data.s3.amazonaws.com/photos/113453805/medium.jpeg,Salvia rosmarinus
https://static.inaturalist.org/photos/113474672/medium.jpg,Apis mellifera
https://inaturalist-open-data.s3.amazonaws.com/photos/113481338/medium.jpg,Salvia rosmarinus
https://inaturalist-open-data.s3.amazonaws.com/photos/113489843/medium.jpeg,Salvia rosmarinus
https://inaturalist-open-data.s3.amazonaws.com/photos/113489722/medium.jpg,Salvia rosmarinus
https://inaturalist-open-data.s3.amazonaws.com/photos/113509832/medium.jpeg,Salvia rosmarinus
https://inaturalist-open-data.s3.amazonaws.com/photos/113518431/medium.jpg,Salvia rosmarinus
https://static.inaturalist.org/photos/113557032/medium.jpeg,Salvia rosmarinus
https://static.inaturalist.org/photos/113559289/medium.jpg,Salvia rosmarinus
https://static.inaturalist.org/photos/113567854/medium.jpg,Salvia rosmarinus
https://static.inaturalist.org/photos/113581959/medium.jpeg,Salvia rosmarinus
https://inaturalist-open-data.s3.amazonaws.com/photos/113583517/medium.jpeg,Salvia rosmarinus
https://static.inaturalist.org/photos/113590099/medium.jpg,Salvia rosmarinus
https://static.inaturalist.org/photos/113628950/medium.jpeg,Salvia rosmarinus
https://inaturalist-open-data.s3.amazonaws.com/photos/113761665/medium.jpg,Salvia rosmarinus
https://inaturalist-open-data.s3.amazonaws.com/photos/113769588/medium.jpeg,Salvia rosmarinus
https://static.inaturalist.org/photos/113773574/medium.jpeg,Salvia rosmarinus
https://inaturalist-open-data.s3.amazonaws.com/photos/113782930/medium.jpeg,Salvia rosmarinus
https://static.inaturalist.org/photos/113790828/medium.jpeg,Salvia rosmarinus
https://static.inaturalist.org/photos/113791638/medium.jpg,Salvia rosmarinus
https://static.inaturalist.org/photos/113808951/medium.jpg,Salvia rosmarinus
https://static.inaturalist.org/photos/113811800/medium.jpeg,Salvia rosmarinus
https://static.inaturalist.org/photos/113863788/medium.jpeg,Salvia rosmarinus
https://inaturalist-open-data.s3.amazonaws.com/photos/113863648/medium.jpg,Salvia rosmarinus
https://inaturalist-open-data.s3.amazonaws.com/photos/113887657/medium.jpeg,Salvia rosmarinus
https://static.inaturalist.org/photos/113901192/medium.jpg,Salvia rosmarinus
https://inaturalist-open-data.s3.amazonaws.com/photos/113909110/medium.jpeg,Salvia rosmarinus
https://inaturalist-open-data.s3.amazonaws.com/photos/113912786/medium.jpg,Salvia rosmarinus
https://inaturalist-open-data.s3.amazonaws.com/photos/113919022/medium.jpeg,Salvia rosmarinus
https://inaturalist-open-data.s3.amazonaws.com/photos/113997791/medium.jpg,Salvia rosmarinus
https://inaturalist-open-data.s3.amazonaws.com/photos/114052159/medium.jpeg,Salvia rosmarinus
https://inaturalist-open-data.s3.amazonaws.com/photos/114055113/medium.jpeg,Salvia rosmarinus
https://inaturalist-open-data.s3.amazonaws.com/photos/114059740/medium.jpeg,Salvia rosmarinus
https://inaturalist-open-data.s3.amazonaws.com/photos/114057809/medium.jpeg,Salvia rosmarinus
https://inaturalist-open-data.s3.amazonaws.com/photos/114060049/medium.jpg,Salvia rosmarinus
https://static.inaturalist.org/photos/114093679/medium.jpg,Salvia rosmarinus
https://inaturalist-open-data.s3.amazonaws.com/photos/114085863/medium.jpeg,Salvia rosmarinus
https://static.inaturalist.org/photos/114152291/medium.jpeg,Salvia rosmarinus
https://inaturalist-open-data.s3.amazonaws.com/photos/114153175/medium.jpg,Salvia rosmarinus
https://static.inaturalist.org/photos/114162087/medium.jpeg,Salvia rosmarinus
https://static.inaturalist.org/photos/114162275/medium.jpeg,Salvia rosmarinus
https://inaturalist-open-data.s3.amazonaws.com/photos/114168108/medium.jpeg,Salvia rosmarinus
https://static.inaturalist.org/photos/114170225/medium.jpg,Salvia rosmarinus
https://inaturalist-open-data.s3.amazonaws.com/photos/114182747/medium.jpeg,Salvia rosmarinus
https://static.inaturalist.org/photos/114182917/medium.jpeg,Salvia rosmarinus
https://inaturalist-open-data.s3.amazonaws.com/photos/114182823/medium.jpeg,Salvia rosmarinus
https://inaturalist-open-data.s3.amazonaws.com/photos/114210513/medium.jpeg,Salvia rosmarinus
https://inaturalist-open-data.s3.amazonaws.com/photos/114267812/medium.jpg,Salvia rosmarinus
https://static.inaturalist.org/photos/114279337/medium.jpg,Salvia rosmarinus
https://static.inaturalist.org/photos/114280268/medium.jpeg,Salvia rosmarinus
https://static.inaturalist.org/photos/114280368/medium.jpg,Salvia rosmarinus
https://static.inaturalist.org/photos/114283333/medium.jpeg,Salvia rosmarinus
https://static.inaturalist.org/photos/114330530/medium.jpeg,Salvia rosmarinus
https://inaturalist-open-data.s3.amazonaws.com/photos/114332534/medium.jpeg,Salvia rosmarinus
https://static.inaturalist.org/photos/114337558/medium.jpeg,Salvia rosmarinus
https://inaturalist-open-data.s3.amazonaws.com/photos/114418518/medium.jpeg,Salvia rosmarinus
https://static.inaturalist.org/photos/114429891/medium.jpeg,Salvia rosmarinus
https://static.inaturalist.org/photos/114439470/medium.jpg,Salvia rosmarinus
https://inaturalist-open-data.s3.amazonaws.com/photos/114465795/medium.jpeg,Salvia rosmarinus
https://static.inaturalist.org/photos/114537676/medium.jpeg,Salvia rosmarinus
https://inaturalist-open-data.s3.amazonaws.com/photos/114538791/medium.jpeg,Salvia rosmarinus
https://static.inaturalist.org/photos/114555567/medium.jpg,Salvia rosmarinus
https://inaturalist-open-data.s3.amazonaws.com/photos/114576116/medium.jpg,Salvia rosmarinus
https://static.inaturalist.org/photos/114615897/medium.jpg,Salvia rosmarinus
https://inaturalist-open-data.s3.amazonaws.com/photos/114622312/medium.jpg,Salvia rosmarinus
https://inaturalist-open-data.s3.amazonaws.com/photos/114633609/medium.jpg,Salvia rosmarinus
https://static.inaturalist.org/photos/114636392/medium.jpg,Salvia rosmarinus
https://static.inaturalist.org/photos/114636997/medium.jpg,Salvia rosmarinus
https://inaturalist-open-data.s3.amazonaws.com/photos/114641612/medium.jpeg,Salvia rosmarinus
https://static.inaturalist.org/photos/114657356/medium.jpg,Salvia rosmarinus
https://inaturalist-open-data.s3.amazonaws.com/photos/114711406/medium.jpg,Salvia rosmarinus
https://inaturalist-open-data.s3.amazonaws.com/photos/114714190/medium.jpeg,Salvia rosmarinus
https://static.inaturalist.org/photos/114718524/medium.jpg,Salvia rosmarinus
https://static.inaturalist.org/photos/114730402/medium.jpeg,Salvia rosmarinus
https://inaturalist-open-data.s3.amazonaws.com/photos/114759705/medium.jpeg,Salvia rosmarinus
https://inaturalist-open-data.s3.amazonaws.com/photos/114758324/medium.jpeg,Salvia rosmarinus
https://inaturalist-open-data.s3.amazonaws.com/photos/114809528/medium.jpg,Salvia rosmarinus
https://inaturalist-open-data.s3.amazonaws.com/photos/114813785/medium.jpeg,Salvia rosmarinus
https://static.inaturalist.org/photos/114816142/medium.jpeg,Salvia rosmarinus
https://static.inaturalist.org/photos/114838181/medium.jpeg,Salvia rosmarinus
https://inaturalist-open-data.s3.amazonaws.com/photos/114845770/medium.jpg,Salvia rosmarinus
https://inaturalist-open-data.s3.amazonaws.com/photos/114869569/medium.jpeg,Salvia rosmarinus
https://inaturalist-open-data.s3.amazonaws.com/photos/158134584/medium.jpg,Salvia rosmarinus
https://static.inaturalist.org/photos/117383379/medium.jpeg,Salvia rosmarinus
https://static.inaturalist.org/photos/114940063/medium.jpeg,Salvia rosmarinus
https://inaturalist-open-data.s3.amazonaws.com/photos/114944098/medium.jpeg,Salvia rosmarinus
https://inaturalist-open-data.s3.amazonaws.com/photos/114944989/medium.jpeg,Salvia rosmarinus
https://inaturalist-open-data.s3.amazonaws.com/photos/115041109/medium.jpeg,Salvia rosmarinus
https://inaturalist-open-data.s3.amazonaws.com/photos/115044055/medium.jpeg,Salvia rosmarinus
https://inaturalist-open-data.s3.amazonaws.com/photos/115056109/medium.jpeg,Salvia rosmarinus
https://static.inaturalist.org/photos/115083291/medium.jpeg,Salvia rosmarinus
https://inaturalist-open-data.s3.amazonaws.com/photos/115097604/medium.jpg,Salvia rosmarinus
https://static.inaturalist.org/photos/115104020/medium.jpg,Salvia rosmarinus
https://static.inaturalist.org/photos/115126900/medium.jpeg,Salvia rosmarinus
https://inaturalist-open-data.s3.amazonaws.com/photos/115187892/medium.jpeg,Salvia rosmarinus
https://static.inaturalist.org/photos/115191140/medium.jpeg,Salvia rosmarinus
https://inaturalist-open-data.s3.amazonaws.com/photos/115201298/medium.jpeg,Salvia rosmarinus
https://inaturalist-open-data.s3.amazonaws.com/photos/115214387/medium.jpeg,Salvia rosmarinus
https://inaturalist-open-data.s3.amazonaws.com/photos/115214542/medium.jpeg,Salvia rosmarinus
https://static.inaturalist.org/photos/115264627/medium.jpeg,Salvia rosmarinus
https://static.inaturalist.org/photos/115359609/medium.jpeg,Salvia rosmarinus
https://inaturalist-open-data.s3.amazonaws.com/photos/115417871/medium.jpeg,Salvia rosmarinus
https://inaturalist-open-data.s3.amazonaws.com/photos/115417910/medium.jpg,Salvia rosmarinus
https://static.inaturalist.org/photos/115418356/medium.jpg,Salvia rosmarinus
https://static.inaturalist.org/photos/115419620/medium.jpeg,Salvia rosmarinus
https://static.inaturalist.org/photos/115422092/medium.jpeg,Salvia rosmarinus
https://static.inaturalist.org/photos/115422206/medium.jpeg,Salvia rosmarinus
https://inaturalist-open-data.s3.amazonaws.com/photos/115423227/medium.jpg,Salvia rosmarinus
https://static.inaturalist.org/photos/115424102/medium.jpeg,Salvia rosmarinus
https://inaturalist-open-data.s3.amazonaws.com/photos/115436892/medium.jpg,Salvia rosmarinus
https://inaturalist-open-data.s3.amazonaws.com/photos/115444562/medium.jpg,Salvia rosmarinus
https://inaturalist-open-data.s3.amazonaws.com/photos/115444628/medium.jpg,Salvia rosmarinus
https://static.inaturalist.org/photos/115514363/medium.jpeg,Salvia rosmarinus
https://inaturalist-open-data.s3.amazonaws.com/photos/115514521/medium.jpeg,Salvia rosmarinus
https://inaturalist-open-data.s3.amazonaws.com/photos/115517367/medium.jpg,Salvia rosmarinus
https://inaturalist-open-data.s3.amazonaws.com/photos/115535859/medium.jpeg,Salvia rosmarinus
https://static.inaturalist.org/photos/115623175/medium.jpg,Salvia rosmarinus
https://inaturalist-open-data.s3.amazonaws.com/photos/115634730/medium.jpeg,Salvia rosmarinus
https://inaturalist-open-data.s3.amazonaws.com/photos/115648889/medium.jpg,Salvia rosmarinus
https://static.inaturalist.org/photos/115739819/medium.jpg,Salvia rosmarinus
https://inaturalist-open-data.s3.amazonaws.com/photos/115746166/medium.jpeg,Salvia rosmarinus
https://inaturalist-open-data.s3.amazonaws.com/photos/115746282/medium.jpeg,Salvia rosmarinus
https://inaturalist-open-data.s3.amazonaws.com/photos/115752215/medium.jpeg,Salvia rosmarinus
https://static.inaturalist.org/photos/115773988/medium.jpg,Salvia rosmarinus
https://inaturalist-open-data.s3.amazonaws.com/photos/115777002/medium.jpg,Salvia rosmarinus
https://static.inaturalist.org/photos/115777083/medium.jpeg,Salvia rosmarinus
https://inaturalist-open-data.s3.amazonaws.com/photos/115783229/medium.jpeg,Salvia rosmarinus
https://inaturalist-open-data.s3.amazonaws.com/photos/115786894/medium.jpeg,Salvia rosmarinus
https://inaturalist-open-data.s3.amazonaws.com/photos/115794008/medium.jpeg,Salvia rosmarinus
https://inaturalist-open-data.s3.amazonaws.com/photos/115869006/medium.jpeg,Salvia rosmarinus
https://static.inaturalist.org/photos/115876849/medium.jpeg,Salvia rosmarinus
https://inaturalist-open-data.s3.amazonaws.com/photos/115884142/medium.jpeg,Salvia rosmarinus
https://inaturalist-open-data.s3.amazonaws.com/photos/115897014/medium.jpeg,Salvia rosmarinus
https://inaturalist-open-data.s3.amazonaws.com/photos/115897259/medium.jpeg,Salvia rosmarinus
https://inaturalist-open-data.s3.amazonaws.com/photos/115897296/medium.jpeg,Salvia rosmarinus
https://inaturalist-open-data.s3.amazonaws.com/photos/115897476/medium.jpeg,Salvia rosmarinus
https://inaturalist-open-data.s3.amazonaws.com/photos/115900287/medium.jpg,Salvia rosmarinus
https://static.inaturalist.org/photos/115905028/medium.jpeg,Salvia rosmarinus
https://static.inaturalist.org/photos/115911935/medium.jpeg,Salvia rosmarinus
https://inaturalist-open-data.s3.amazonaws.com/photos/115956167/medium.jpeg,Salvia rosmarinus
https://inaturalist-open-data.s3.amazonaws.com/photos/116053925/medium.jpg,Salvia rosmarinus
https://static.inaturalist.org/photos/116064828/medium.jpg,Salvia rosmarinus
https://inaturalist-open-data.s3.amazonaws.com/photos/116086706/medium.jpeg,Salvia rosmarinus
https://inaturalist-open-data.s3.amazonaws.com/photos/116086790/medium.jpeg,Salvia rosmarinus
https://inaturalist-open-data.s3.amazonaws.com/photos/116089374/medium.jpeg,Salvia rosmarinus
https://static.inaturalist.org/photos/116097728/medium.jpeg,Salvia rosmarinus
https://inaturalist-open-data.s3.amazonaws.com/photos/116099947/medium.jpeg,Salvia rosmarinus
https://static.inaturalist.org/photos/116098223/medium.jpg,Salvia rosmarinus
https://static.inaturalist.org/photos/116120593/medium.jpeg,Salvia rosmarinus
https://inaturalist-open-data.s3.amazonaws.com/photos/116919285/medium.jpeg,Salvia rosmarinus
https://inaturalist-open-data.s3.amazonaws.com/photos/116186006/medium.jpeg,Salvia rosmarinus
https://inaturalist-open-data.s3.amazonaws.com/photos/116187398/medium.jpg,Salvia rosmarinus
https://inaturalist-open-data.s3.amazonaws.com/photos/116187490/medium.jpg,Salvia rosmarinus
https://static.inaturalist.org/photos/117116817/medium.jpg,Salvia rosmarinus
https://inaturalist-open-data.s3.amazonaws.com/photos/116213288/medium.jpeg,Salvia rosmarinus
https://inaturalist-open-data.s3.amazonaws.com/photos/116221182/medium.jpeg,Salvia rosmarinus
https://inaturalist-open-data.s3.amazonaws.com/photos/116267131/medium.jpeg,Salvia rosmarinus
https://inaturalist-open-data.s3.amazonaws.com/photos/116270898/medium.jpeg,Salvia rosmarinus
https://inaturalist-open-data.s3.amazonaws.com/photos/116284120/medium.jpeg,Salvia rosmarinus
https://inaturalist-open-data.s3.amazonaws.com/photos/116309634/medium.jpg,Salvia rosmarinus
https://inaturalist-open-data.s3.amazonaws.com/photos/116326924/medium.jpeg,Salvia rosmarinus
https://inaturalist-open-data.s3.amazonaws.com/photos/116374769/medium.jpeg,Salvia rosmarinus
https://inaturalist-open-data.s3.amazonaws.com/photos/116405312/medium.jpeg,Salvia rosmarinus
https://inaturalist-open-data.s3.amazonaws.com/photos/116408566/medium.jpeg,Salvia rosmarinus
https://inaturalist-open-data.s3.amazonaws.com/photos/116413715/medium.jpeg,Salvia rosmarinus
https://static.inaturalist.org/photos/116477451/medium.jpeg,Salvia rosmarinus
https://inaturalist-open-data.s3.amazonaws.com/photos/116499520/medium.jpg,Salvia rosmarinus
https://static.inaturalist.org/photos/116512583/medium.jpeg,Salvia rosmarinus
https://static.inaturalist.org/photos/116514765/medium.jpeg,Salvia rosmarinus
https://static.inaturalist.org/photos/116515350/medium.jpg,Salvia rosmarinus
https://inaturalist-open-data.s3.amazonaws.com/photos/116529961/medium.jpeg,Salvia rosmarinus
https://inaturalist-open-data.s3.amazonaws.com/photos/116551665/medium.jpg,Salvia rosmarinus
https://inaturalist-open-data.s3.amazonaws.com/photos/116619151/medium.jpeg,Salvia rosmarinus
https://inaturalist-open-data.s3.amazonaws.com/photos/116644772/medium.jpeg,Salvia rosmarinus
https://inaturalist-open-data.s3.amazonaws.com/photos/116651008/medium.jpeg,Salvia rosmarinus
https://static.inaturalist.org/photos/116686351/medium.jpeg,Salvia rosmarinus
https://static.inaturalist.org/photos/116755044/medium.jpeg,Salvia rosmarinus
https://inaturalist-open-data.s3.amazonaws.com/photos/116775701/medium.jpeg,Salvia rosmarinus
https://static.inaturalist.org/photos/116783065/medium.jpg,Salvia rosmarinus
https://static.inaturalist.org/photos/116811458/medium.jpg,Salvia rosmarinus
https://static.inaturalist.org/photos/116813182/medium.jpg,Salvia rosmarinus
https://inaturalist-open-data.s3.amazonaws.com/photos/116817907/medium.jpg,Salvia rosmarinus
https://static.inaturalist.org/photos/116882988/medium.jpeg,Salvia rosmarinus
https://inaturalist-open-data.s3.amazonaws.com/photos/116928195/medium.jpg,Salvia rosmarinus
https://inaturalist-open-data.s3.amazonaws.com/photos/116940643/medium.jpg,Salvia rosmarinus
https://inaturalist-open-data.s3.amazonaws.com/photos/116988502/medium.jpg,Salvia rosmarinus
https://static.inaturalist.org/photos/117075411/medium.jpeg,Salvia rosmarinus
https://inaturalist-open-data.s3.amazonaws.com/photos/117121810/medium.jpeg,Salvia rosmarinus
https://static.inaturalist.org/photos/117150366/medium.jpeg,Salvia rosmarinus
https://inaturalist-open-data.s3.amazonaws.com/photos/117158635/medium.jpeg,Salvia rosmarinus
https://inaturalist-open-data.s3.amazonaws.com/photos/117191326/medium.jpeg,Salvia rosmarinus
https://inaturalist-open-data.s3.amazonaws.com/photos/117203954/medium.jpeg,Salvia rosmarinus
https://inaturalist-open-data.s3.amazonaws.com/photos/117207267/medium.jpg,Salvia rosmarinus
https://inaturalist-open-data.s3.amazonaws.com/photos/117211935/medium.jpeg,Salvia rosmarinus
https://static.inaturalist.org/photos/117212454/medium.jpg,Salvia rosmarinus
https://static.inaturalist.org/photos/117211966/medium.jpeg,Salvia rosmarinus
https://static.inaturalist.org/photos/117212139/medium.jpg,Salvia rosmarinus
https://inaturalist-open-data.s3.amazonaws.com/photos/117212407/medium.jpg,Salvia rosmarinus
https://static.inaturalist.org/photos/117223091/medium.jpeg,Salvia rosmarinus
https://static.inaturalist.org/photos/117328530/medium.jpeg,Salvia rosmarinus
https://inaturalist-open-data.s3.amazonaws.com/photos/117328637/medium.jpeg,Salvia rosmarinus
https://inaturalist-open-data.s3.amazonaws.com/photos/117366050/medium.jpg,Salvia rosmarinus
https://static.inaturalist.org/photos/117380603/medium.jpeg,Salvia rosmarinus
https://inaturalist-open-data.s3.amazonaws.com/photos/117389074/medium.jpg,Salvia rosmarinus
https://static.inaturalist.org/photos/117391113/medium.jpg,Salvia rosmarinus
https://inaturalist-open-data.s3.amazonaws.com/photos/117402780/medium.jpeg,Salvia rosmarinus
https://inaturalist-open-data.s3.amazonaws.com/photos/117415196/medium.jpg,Salvia rosmarinus
https://static.inaturalist.org/photos/117440011/medium.jpeg,Salvia rosmarinus
https://inaturalist-open-data.s3.amazonaws.com/photos/117456941/medium.jpeg,Salvia rosmarinus
https://static.inaturalist.org/photos/117473426/medium.jpeg,Salvia rosmarinus
https://inaturalist-open-data.s3.amazonaws.com/photos/117498571/medium.jpeg,Salvia rosmarinus
https://inaturalist-open-data.s3.amazonaws.com/photos/117505980/medium.jpg,Salvia rosmarinus
https://static.inaturalist.org/photos/117597350/medium.jpeg,Salvia rosmarinus
https://inaturalist-open-data.s3.amazonaws.com/photos/117639884/medium.jpeg,Salvia rosmarinus
https://static.inaturalist.org/photos/117640114/medium.jpeg,Salvia rosmarinus
https://inaturalist-open-data.s3.amazonaws.com/photos/117648418/medium.jpeg,Salvia rosmarinus
https://inaturalist-open-data.s3.amazonaws.com/photos/117666302/medium.jpg,Salvia rosmarinus
https://inaturalist-open-data.s3.amazonaws.com/photos/117666339/medium.jpg,Salvia rosmarinus
https://inaturalist-open-data.s3.amazonaws.com/photos/117666370/medium.jpg,Salvia rosmarinus
https://static.inaturalist.org/photos/117762817/medium.jpeg,Salvia rosmarinus
https://static.inaturalist.org/photos/117765962/medium.jpeg,Salvia rosmarinus
https://inaturalist-open-data.s3.amazonaws.com/photos/117767205/medium.jpeg,Salvia rosmarinus
https://static.inaturalist.org/photos/117769173/medium.jpeg,Salvia rosmarinus
https://static.inaturalist.org/photos/117769466/medium.jpeg,Salvia rosmarinus
https://static.inaturalist.org/photos/117772649/medium.jpeg,Salvia rosmarinus
https://inaturalist-open-data.s3.amazonaws.com/photos/117772953/medium.jpg,Salvia rosmarinus
https://static.inaturalist.org/photos/117773154/medium.jpeg,Salvia rosmarinus
https://inaturalist-open-data.s3.amazonaws.com/photos/117783918/medium.jpg,Salvia rosmarinus
https://inaturalist-open-data.s3.amazonaws.com/photos/117792497/medium.jpg,Salvia rosmarinus
https://inaturalist-open-data.s3.amazonaws.com/photos/117836743/medium.jpeg,Salvia rosmarinus
https://inaturalist-open-data.s3.amazonaws.com/photos/117846416/medium.jpeg,Salvia rosmarinus
https://inaturalist-open-data.s3.amazonaws.com/photos/117858434/medium.jpeg,Salvia rosmarinus
https://static.inaturalist.org/photos/117860493/medium.jpg,Salvia rosmarinus
https://static.inaturalist.org/photos/117866142/medium.jpeg,Salvia rosmarinus
https://static.inaturalist.org/photos/117867596/medium.jpeg,Salvia rosmarinus
https://inaturalist-open-data.s3.amazonaws.com/photos/117880154/medium.jpeg,Salvia rosmarinus
https://inaturalist-open-data.s3.amazonaws.com/photos/118295235/medium.jpeg,Salvia rosmarinus
https://static.inaturalist.org/photos/117941964/medium.jpeg,Salvia rosmarinus
https://inaturalist-open-data.s3.amazonaws.com/photos/117942901/medium.jpeg,Salvia rosmarinus
https://inaturalist-open-data.s3.amazonaws.com/photos/117947365/medium.jpg,Salvia rosmarinus
https://static.inaturalist.org/photos/117950336/medium.jpeg,Salvia rosmarinus
https://inaturalist-open-data.s3.amazonaws.com/photos/117956389/medium.jpg,Salvia rosmarinus
https://static.inaturalist.org/photos/117964903/medium.jpeg,Salvia rosmarinus
https://static.inaturalist.org/photos/117988439/medium.jpeg,Salvia rosmarinus
https://inaturalist-open-data.s3.amazonaws.com/photos/118020579/medium.jpeg,Salvia rosmarinus
https://inaturalist-open-data.s3.amazonaws.com/photos/118029072/medium.jpg,Salvia rosmarinus
https://inaturalist-open-data.s3.amazonaws.com/photos/118033547/medium.jpg,Salvia rosmarinus
https://static.inaturalist.org/photos/118099211/medium.jpeg,Salvia rosmarinus
https://inaturalist-open-data.s3.amazonaws.com/photos/118149817/medium.jpeg,Salvia rosmarinus
https://inaturalist-open-data.s3.amazonaws.com/photos/118190003/medium.jpg,Salvia rosmarinus
https://static.inaturalist.org/photos/118235426/medium.jpeg,Salvia rosmarinus
https://static.inaturalist.org/photos/118236024/medium.jpeg,Salvia rosmarinus
https://static.inaturalist.org/photos/118238529/medium.jpeg,Salvia rosmarinus
https://static.inaturalist.org/photos/118238547/medium.jpeg,Salvia rosmarinus
https://inaturalist-open-data.s3.amazonaws.com/photos/118270145/medium.jpeg,Salvia rosmarinus
https://static.inaturalist.org/photos/118270750/medium.jpeg,Salvia rosmarinus
https://inaturalist-open-data.s3.amazonaws.com/photos/118283234/medium.jpeg,Salvia rosmarinus
https://inaturalist-open-data.s3.amazonaws.com/photos/118287881/medium.jpeg,Salvia rosmarinus
https://static.inaturalist.org/photos/118300025/medium.jpeg,Salvia rosmarinus
https://inaturalist-open-data.s3.amazonaws.com/photos/118316721/medium.jpg,Salvia rosmarinus
https://static.inaturalist.org/photos/118392774/medium.jpeg,Salvia rosmarinus
https://static.inaturalist.org/photos/118392914/medium.jpeg,Salvia rosmarinus
https://inaturalist-open-data.s3.amazonaws.com/photos/118401938/medium.jpeg,Salvia rosmarinus
https://inaturalist-open-data.s3.amazonaws.com/photos/118403746/medium.jpeg,Salvia rosmarinus
https://inaturalist-open-data.s3.amazonaws.com/photos/118427218/medium.jpeg,Salvia rosmarinus
https://inaturalist-open-data.s3.amazonaws.com/photos/118431139/medium.jpeg,Salvia rosmarinus
https://static.inaturalist.org/photos/118575458/medium.jpeg,Salvia rosmarinus
https://inaturalist-open-data.s3.amazonaws.com/photos/118579148/medium.jpeg,Salvia rosmarinus
https://inaturalist-open-data.s3.amazonaws.com/photos/118590942/medium.jpg,Salvia rosmarinus
https://inaturalist-open-data.s3.amazonaws.com/photos/118611589/medium.jpeg,Salvia rosmarinus
https://static.inaturalist.org/photos/118689925/medium.jpg,Salvia rosmarinus
https://inaturalist-open-data.s3.amazonaws.com/photos/118698307/medium.jpg,Salvia rosmarinus
https://inaturalist-open-data.s3.amazonaws.com/photos/118717863/medium.jpg,Salvia rosmarinus
https://inaturalist-open-data.s3.amazonaws.com/photos/118720860/medium.jpeg,Salvia rosmarinus
https://inaturalist-open-data.s3.amazonaws.com/photos/118741609/medium.jpeg,Salvia rosmarinus
https://inaturalist-open-data.s3.amazonaws.com/photos/118750315/medium.jpeg,Salvia rosmarinus
https://inaturalist-open-data.s3.amazonaws.com/photos/118755955/medium.jpeg,Salvia rosmarinus
https://inaturalist-open-data.s3.amazonaws.com/photos/118969590/medium.jpeg,Salvia rosmarinus
https://static.inaturalist.org/photos/118756813/medium.jpeg,Salvia rosmarinus
https://inaturalist-open-data.s3.amazonaws.com/photos/118788699/medium.jpeg,Salvia rosmarinus
https://static.inaturalist.org/photos/118790768/medium.jpg,Salvia rosmarinus
https://static.inaturalist.org/photos/118898646/medium.jpg,Salvia rosmarinus
https://static.inaturalist.org/photos/118910697/medium.jpeg,Salvia rosmarinus
https://static.inaturalist.org/photos/118954193/medium.jpeg,Salvia rosmarinus
https://inaturalist-open-data.s3.amazonaws.com/photos/118980509/medium.jpeg,Salvia rosmarinus
https://static.inaturalist.org/photos/118991530/medium.jpeg,Salvia rosmarinus
https://static.inaturalist.org/photos/119033589/medium.jpeg,Salvia rosmarinus
https://inaturalist-open-data.s3.amazonaws.com/photos/119100755/medium.jpeg,Salvia rosmarinus
https://static.inaturalist.org/photos/119109983/medium.jpeg,Salvia rosmarinus
https://inaturalist-open-data.s3.amazonaws.com/photos/119149186/medium.jpeg,Salvia rosmarinus
https://static.inaturalist.org/photos/119153563/medium.jpeg,Salvia rosmarinus
https://static.inaturalist.org/photos/119179744/medium.jpeg,Salvia rosmarinus
https://inaturalist-open-data.s3.amazonaws.com/photos/119187589/medium.jpeg,Salvia rosmarinus
https://inaturalist-open-data.s3.amazonaws.com/photos/119198737/medium.jpeg,Salvia rosmarinus
https://inaturalist-open-data.s3.amazonaws.com/photos/119301549/medium.jpeg,Salvia rosmarinus
https://inaturalist-open-data.s3.amazonaws.com/photos/119302637/medium.jpeg,Salvia rosmarinus
https://inaturalist-open-data.s3.amazonaws.com/photos/119376574/medium.jpg,Salvia rosmarinus
https://static.inaturalist.org/photos/119484205/medium.jpeg,Salvia rosmarinus
https://inaturalist-open-data.s3.amazonaws.com/photos/119516428/medium.jpg,Salvia rosmarinus
https://inaturalist-open-data.s3.amazonaws.com/photos/119648778/medium.jpg,Salvia rosmarinus
https://static.inaturalist.org/photos/119669843/medium.jpg,Salvia rosmarinus
https://static.inaturalist.org/photos/119689534/medium.jpeg,Salvia rosmarinus
https://static.inaturalist.org/photos/119803035/medium.jpeg,Salvia rosmarinus
https://inaturalist-open-data.s3.amazonaws.com/photos/119805125/medium.jpg,Salvia rosmarinus
https://static.inaturalist.org/photos/119835671/medium.jpg,Salvia rosmarinus
https://static.inaturalist.org/photos/119842239/medium.jpg,Salvia rosmarinus
https://inaturalist-open-data.s3.amazonaws.com/photos/119906332/medium.jpeg,Salvia rosmarinus
https://inaturalist-open-data.s3.amazonaws.com/photos/120028425/medium.jpeg,Salvia rosmarinus
https://static.inaturalist.org/photos/120033513/medium.jpeg,Salvia rosmarinus
https://inaturalist-open-data.s3.amazonaws.com/photos/120086540/medium.jpeg,Salvia rosmarinus
https://static.inaturalist.org/photos/120184377/medium.jpeg,Salvia rosmarinus
https://static.inaturalist.org/photos/120240423/medium.jpeg,Salvia rosmarinus
https://inaturalist-open-data.s3.amazonaws.com/photos/120255162/medium.jpeg,Salvia rosmarinus
https://inaturalist-open-data.s3.amazonaws.com/photos/120261343/medium.jpg,Salvia rosmarinus
https://static.inaturalist.org/photos/120281998/medium.jpeg,Salvia rosmarinus
https://inaturalist-open-data.s3.amazonaws.com/photos/120340414/medium.jpg,Salvia rosmarinus
https://inaturalist-open-data.s3.amazonaws.com/photos/120344012/medium.jpg,Salvia rosmarinus
https://inaturalist-open-data.s3.amazonaws.com/photos/120415909/medium.jpeg,Salvia rosmarinus
https://inaturalist-open-data.s3.amazonaws.com/photos/120440086/medium.jpg,Salvia rosmarinus
https://inaturalist-open-data.s3.amazonaws.com/photos/120577940/medium.jpeg,Salvia rosmarinus
https://static.inaturalist.org/photos/120593232/medium.jpeg,Salvia rosmarinus
https://static.inaturalist.org/photos/120593292/medium.jpeg,Salvia rosmarinus
https://inaturalist-open-data.s3.amazonaws.com/photos/120597273/medium.jpg,Salvia rosmarinus
https://inaturalist-open-data.s3.amazonaws.com/photos/120597913/medium.jpeg,Salvia rosmarinus
https://inaturalist-open-data.s3.amazonaws.com/photos/120647265/medium.jpeg,Salvia rosmarinus
https://static.inaturalist.org/photos/120667478/medium.jpeg,Salvia rosmarinus
https://inaturalist-open-data.s3.amazonaws.com/photos/120671275/medium.jpeg,Salvia rosmarinus
https://static.inaturalist.org/photos/120759323/medium.jpeg,Salvia rosmarinus
https://static.inaturalist.org/photos/120774089/medium.jpg,Salvia rosmarinus
https://static.inaturalist.org/photos/120791686/medium.jpg,Salvia rosmarinus
https://inaturalist-open-data.s3.amazonaws.com/photos/121001909/medium.jpeg,Salvia rosmarinus
https://static.inaturalist.org/photos/121043631/medium.jpeg,Salvia rosmarinus
https://inaturalist-open-data.s3.amazonaws.com/photos/121077163/medium.jpeg,Salvia rosmarinus
https://inaturalist-open-data.s3.amazonaws.com/photos/121126207/medium.jpg,Salvia rosmarinus
https://inaturalist-open-data.s3.amazonaws.com/photos/121142512/medium.jpg,Salvia rosmarinus
https://inaturalist-open-data.s3.amazonaws.com/photos/121182557/medium.jpeg,Salvia rosmarinus
https://inaturalist-open-data.s3.amazonaws.com/photos/121187047/medium.jpeg,Salvia rosmarinus
https://inaturalist-open-data.s3.amazonaws.com/photos/121281285/medium.jpg,Salvia rosmarinus
https://inaturalist-open-data.s3.amazonaws.com/photos/121282072/medium.jpeg,Salvia rosmarinus
https://inaturalist-open-data.s3.amazonaws.com/photos/121291762/medium.jpeg,Salvia rosmarinus
https://inaturalist-open-data.s3.amazonaws.com/photos/121317279/medium.jpeg,Salvia rosmarinus
https://inaturalist-open-data.s3.amazonaws.com/photos/121325621/medium.jpeg,Salvia rosmarinus
https://static.inaturalist.org/photos/121336903/medium.jpg,Salvia rosmarinus
https://static.inaturalist.org/photos/121456476/medium.jpg,Salvia rosmarinus
https://inaturalist-open-data.s3.amazonaws.com/photos/121518582/medium.jpeg,Salvia rosmarinus
https://inaturalist-open-data.s3.amazonaws.com/photos/121523686/medium.jpeg,Salvia rosmarinus
https://inaturalist-open-data.s3.amazonaws.com/photos/121535778/medium.jpg,Salvia rosmarinus
https://static.inaturalist.org/photos/121539750/medium.jpg,Salvia rosmarinus
https://static.inaturalist.org/photos/121547503/medium.jpeg,Salvia rosmarinus
https://static.inaturalist.org/photos/121547931/medium.jpg,Salvia rosmarinus
https://inaturalist-open-data.s3.amazonaws.com/photos/121610899/medium.jpg,Salvia rosmarinus
https://static.inaturalist.org/photos/121660957/medium.jpg,Salvia rosmarinus
https://static.inaturalist.org/photos/121661444/medium.jpg,Salvia rosmarinus
https://inaturalist-open-data.s3.amazonaws.com/photos/121757791/medium.jpg,Harmonia conformis
https://static.inaturalist.org/photos/122323963/medium.jpeg,Salvia rosmarinus
https://inaturalist-open-data.s3.amazonaws.com/photos/121798932/medium.jpg,Salvia rosmarinus
https://static.inaturalist.org/photos/121800701/medium.jpeg,Salvia rosmarinus
https://inaturalist-open-data.s3.amazonaws.com/photos/121856304/medium.jpg,Salvia rosmarinus
https://inaturalist-open-data.s3.amazonaws.com/photos/121966023/medium.jpeg,Salvia rosmarinus
https://static.inaturalist.org/photos/121968769/medium.jpeg,Salvia rosmarinus
https://static.inaturalist.org/photos/121977460/medium.jpeg,Salvia rosmarinus
https://static.inaturalist.org/photos/121977763/medium.jpeg,Salvia rosmarinus
https://inaturalist-open-data.s3.amazonaws.com/photos/121983690/medium.jpg,Salvia rosmarinus
https://inaturalist-open-data.s3.amazonaws.com/photos/121962777/medium.jpeg,Salvia rosmarinus
https://inaturalist-open-data.s3.amazonaws.com/photos/121997723/medium.jpg,Salvia rosmarinus
https://inaturalist-open-data.s3.amazonaws.com/photos/122001685/medium.jpeg,Salvia rosmarinus
https://inaturalist-open-data.s3.amazonaws.com/photos/122059591/medium.jpeg,Salvia rosmarinus
https://inaturalist-open-data.s3.amazonaws.com/photos/122098832/medium.jpg,Salvia rosmarinus
https://inaturalist-open-data.s3.amazonaws.com/photos/122169949/medium.jpeg,Salvia rosmarinus
https://static.inaturalist.org/photos/122204652/medium.jpeg,Salvia rosmarinus
https://inaturalist-open-data.s3.amazonaws.com/photos/122225795/medium.jpeg,Salvia rosmarinus
https://static.inaturalist.org/photos/122236866/medium.jpg,Salvia rosmarinus
https://inaturalist-open-data.s3.amazonaws.com/photos/122345268/medium.jpeg,Salvia rosmarinus
https://inaturalist-open-data.s3.amazonaws.com/photos/122394656/medium.jpeg,Salvia rosmarinus
https://inaturalist-open-data.s3.amazonaws.com/photos/122426871/medium.jpg,Salvia rosmarinus
https://inaturalist-open-data.s3.amazonaws.com/photos/122426900/medium.jpg,Salvia rosmarinus
https://inaturalist-open-data.s3.amazonaws.com/photos/122452941/medium.jpg,Salvia rosmarinus
https://static.inaturalist.org/photos/122507663/medium.jpeg,Salvia rosmarinus
https://static.inaturalist.org/photos/122539651/medium.jpeg,Salvia rosmarinus
https://static.inaturalist.org/photos/122693594/medium.jpeg,Salvia rosmarinus
https://inaturalist-open-data.s3.amazonaws.com/photos/122728662/medium.jpg,Salvia rosmarinus
https://inaturalist-open-data.s3.amazonaws.com/photos/122746556/medium.jpeg,Salvia rosmarinus
https://inaturalist-open-data.s3.amazonaws.com/photos/122746877/medium.jpeg,Salvia rosmarinus
https://static.inaturalist.org/photos/122806496/medium.jpeg,Salvia rosmarinus
https://inaturalist-open-data.s3.amazonaws.com/photos/122814024/medium.jpeg,Salvia rosmarinus
https://static.inaturalist.org/photos/122829874/medium.jpeg,Salvia rosmarinus
https://static.inaturalist.org/photos/122914863/medium.jpeg,Salvia rosmarinus
https://inaturalist-open-data.s3.amazonaws.com/photos/122926294/medium.jpeg,Salvia rosmarinus
https://static.inaturalist.org/photos/122936286/medium.jpeg,Salvia rosmarinus
https://static.inaturalist.org/photos/122968791/medium.jpg,Salvia rosmarinus
https://static.inaturalist.org/photos/123007325/medium.jpeg,Salvia rosmarinus
https://static.inaturalist.org/photos/123176344/medium.jpg,Salvia rosmarinus
https://static.inaturalist.org/photos/123181435/medium.jpg,Salvia rosmarinus
https://inaturalist-open-data.s3.amazonaws.com/photos/123181897/medium.jpeg,Salvia rosmarinus
https://static.inaturalist.org/photos/123205683/medium.jpg,Salvia rosmarinus
https://static.inaturalist.org/photos/123227559/medium.jpeg,Salvia rosmarinus
https://static.inaturalist.org/photos/123366944/medium.jpeg,Salvia rosmarinus
https://static.inaturalist.org/photos/123586857/medium.jpeg,Salvia rosmarinus
https://inaturalist-open-data.s3.amazonaws.com/photos/123592696/medium.jpg,Salvia rosmarinus
https://inaturalist-open-data.s3.amazonaws.com/photos/123670315/medium.jpg,Salvia rosmarinus
https://static.inaturalist.org/photos/123693818/medium.jpg,Salvia rosmarinus
https://static.inaturalist.org/photos/123695537/medium.jpeg,Salvia rosmarinus
https://inaturalist-open-data.s3.amazonaws.com/photos/123777675/medium.jpeg,Salvia rosmarinus
https://inaturalist-open-data.s3.amazonaws.com/photos/123843337/medium.jpeg,Salvia rosmarinus
https://static.inaturalist.org/photos/123880377/medium.jpeg,Eristalis tenax
https://static.inaturalist.org/photos/123883297/medium.jpeg,Vespula germanica
https://inaturalist-open-data.s3.amazonaws.com/photos/123886080/medium.jpg,Salvia rosmarinus
https://static.inaturalist.org/photos/124000620/medium.jpeg,Salvia rosmarinus
https://static.inaturalist.org/photos/124057176/medium.jpeg,Salvia rosmarinus
https://static.inaturalist.org/photos/124063216/medium.jpeg,Salvia rosmarinus
https://inaturalist-open-data.s3.amazonaws.com/photos/124072651/medium.jpeg,Salvia rosmarinus
https://static.inaturalist.org/photos/124092488/medium.jpeg,Salvia rosmarinus
https://inaturalist-open-data.s3.amazonaws.com/photos/124190626/medium.jpg,Salvia rosmarinus
https://inaturalist-open-data.s3.amazonaws.com/photos/124199374/medium.jpeg,Salvia rosmarinus
https://inaturalist-open-data.s3.amazonaws.com/photos/124252891/medium.jpg,Salvia rosmarinus
https://inaturalist-open-data.s3.amazonaws.com/photos/124337920/medium.jpg,Salvia rosmarinus
https://inaturalist-open-data.s3.amazonaws.com/photos/124359110/medium.jpg,Salvia rosmarinus
https://inaturalist-open-data.s3.amazonaws.com/photos/124447021/medium.jpeg,Salvia rosmarinus
https://inaturalist-open-data.s3.amazonaws.com/photos/124462738/medium.jpeg,Salvia rosmarinus
https://inaturalist-open-data.s3.amazonaws.com/photos/124474587/medium.jpeg,Salvia rosmarinus
https://inaturalist-open-data.s3.amazonaws.com/photos/124475338/medium.jpg,Salvia rosmarinus
https://inaturalist-open-data.s3.amazonaws.com/photos/124480295/medium.jpeg,Salvia rosmarinus
https://static.inaturalist.org/photos/124488366/medium.jpeg,Salvia rosmarinus
https://inaturalist-open-data.s3.amazonaws.com/photos/124494488/medium.jpg,Salvia rosmarinus
https://static.inaturalist.org/photos/124500248/medium.jpeg,Salvia rosmarinus
https://static.inaturalist.org/photos/124573365/medium.jpeg,Salvia rosmarinus
https://inaturalist-open-data.s3.amazonaws.com/photos/124580652/medium.jpeg,Salvia rosmarinus
https://inaturalist-open-data.s3.amazonaws.com/photos/124649665/medium.jpg,Salvia rosmarinus
https://inaturalist-open-data.s3.amazonaws.com/photos/124812489/medium.jpeg,Salvia rosmarinus
https://inaturalist-open-data.s3.amazonaws.com/photos/124855135/medium.jpg,Salvia rosmarinus
https://static.inaturalist.org/photos/125029408/medium.jpeg,Salvia rosmarinus
https://inaturalist-open-data.s3.amazonaws.com/photos/125031742/medium.jpeg,Salvia rosmarinus
https://static.inaturalist.org/photos/125086099/medium.jpeg,Salvia rosmarinus
https://static.inaturalist.org/photos/125099075/medium.jpg,Salvia rosmarinus
https://inaturalist-open-data.s3.amazonaws.com/photos/125101940/medium.jpeg,Salvia rosmarinus
https://inaturalist-open-data.s3.amazonaws.com/photos/125163633/medium.jpeg,Boulardia latisquama
https://inaturalist-open-data.s3.amazonaws.com/photos/125262456/medium.jpg,Salvia rosmarinus
https://static.inaturalist.org/photos/125278232/medium.jpeg,Salvia rosmarinus
https://static.inaturalist.org/photos/125331764/medium.jpg,Salvia rosmarinus
https://static.inaturalist.org/photos/125345709/medium.jpg,Salvia rosmarinus
https://static.inaturalist.org/photos/125404319/medium.jpeg,Salvia rosmarinus
https://inaturalist-open-data.s3.amazonaws.com/photos/125404816/medium.jpg,Salvia rosmarinus
https://static.inaturalist.org/photos/125410176/medium.jpg,Salvia rosmarinus
https://static.inaturalist.org/photos/125462572/medium.jpeg,Salvia rosmarinus
https://inaturalist-open-data.s3.amazonaws.com/photos/125491088/medium.jpg,Salvia rosmarinus
https://inaturalist-open-data.s3.amazonaws.com/photos/125491293/medium.jpg,Salvia rosmarinus
https://inaturalist-open-data.s3.amazonaws.com/photos/125491427/medium.jpg,Salvia rosmarinus
https://inaturalist-open-data.s3.amazonaws.com/photos/125509769/medium.jpg,Salvia rosmarinus
https://inaturalist-open-data.s3.amazonaws.com/photos/125528302/medium.jpg,Salvia rosmarinus
https://static.inaturalist.org/photos/125716077/medium.jpg,Salvia rosmarinus
https://static.inaturalist.org/photos/125788174/medium.jpeg,Salvia rosmarinus
https://inaturalist-open-data.s3.amazonaws.com/photos/125788964/medium.jpg,Salvia rosmarinus
https://inaturalist-open-data.s3.amazonaws.com/photos/125791564/medium.jpg,Salvia rosmarinus
https://inaturalist-open-data.s3.amazonaws.com/photos/125803490/medium.jpeg,Salvia rosmarinus
https://inaturalist-open-data.s3.amazonaws.com/photos/125803447/medium.jpg,Salvia rosmarinus
https://static.inaturalist.org/photos/125823993/medium.jpeg,Salvia rosmarinus
https://inaturalist-open-data.s3.amazonaws.com/photos/125822582/medium.jpg,Salvia rosmarinus
https://inaturalist-open-data.s3.amazonaws.com/photos/125840123/medium.jpg,Salvia rosmarinus
https://inaturalist-open-data.s3.amazonaws.com/photos/125837173/medium.jpg,Salvia rosmarinus
https://inaturalist-open-data.s3.amazonaws.com/photos/125886646/medium.jpeg,Salvia rosmarinus
https://inaturalist-open-data.s3.amazonaws.com/photos/125941369/medium.jpg,Salvia rosmarinus
https://inaturalist-open-data.s3.amazonaws.com/photos/125934143/medium.jpg,Salvia rosmarinus
https://inaturalist-open-data.s3.amazonaws.com/photos/125934389/medium.jpg,Salvia rosmarinus
https://inaturalist-open-data.s3.amazonaws.com/photos/125948611/medium.jpg,Salvia rosmarinus
https://inaturalist-open-data.s3.amazonaws.com/photos/126026132/medium.jpg,Salvia rosmarinus
https://inaturalist-open-data.s3.amazonaws.com/photos/126030382/medium.jpg,Salvia rosmarinus
https://inaturalist-open-data.s3.amazonaws.com/photos/126034817/medium.jpeg,Salvia rosmarinus
https://inaturalist-open-data.s3.amazonaws.com/photos/126085095/medium.jpg,Salvia rosmarinus
https://inaturalist-open-data.s3.amazonaws.com/photos/126088059/medium.jpg,Salvia rosmarinus
https://inaturalist-open-data.s3.amazonaws.com/photos/126110076/medium.jpg,Salvia rosmarinus
https://inaturalist-open-data.s3.amazonaws.com/photos/126110642/medium.jpg,Salvia rosmarinus
https://inaturalist-open-data.s3.amazonaws.com/photos/126141292/medium.jpeg,Salvia rosmarinus
https://inaturalist-open-data.s3.amazonaws.com/photos/126199076/medium.jpg,Salvia rosmarinus
https://static.inaturalist.org/photos/126214639/medium.jpg,Salvia rosmarinus
https://static.inaturalist.org/photos/126298969/medium.jpeg,Salvia rosmarinus
https://inaturalist-open-data.s3.amazonaws.com/photos/126357813/medium.jpeg,Salvia rosmarinus
https://inaturalist-open-data.s3.amazonaws.com/photos/126442771/medium.jpeg,Salvia rosmarinus
https://inaturalist-open-data.s3.amazonaws.com/photos/126444652/medium.jpg,Salvia rosmarinus
https://inaturalist-open-data.s3.amazonaws.com/photos/126428542/medium.jpg,Salvia rosmarinus
https://inaturalist-open-data.s3.amazonaws.com/photos/126440420/medium.jpg,Salvia rosmarinus
https://inaturalist-open-data.s3.amazonaws.com/photos/126461249/medium.jpg,Salvia rosmarinus
https://inaturalist-open-data.s3.amazonaws.com/photos/126461313/medium.jpg,Salvia rosmarinus
https://inaturalist-open-data.s3.amazonaws.com/photos/126482356/medium.jpeg,Salvia rosmarinus
https://inaturalist-open-data.s3.amazonaws.com/photos/126486850/medium.jpg,Salvia rosmarinus
https://static.inaturalist.org/photos/126557806/medium.jpg,Salvia rosmarinus
https://inaturalist-open-data.s3.amazonaws.com/photos/126619644/medium.jpeg,Salvia rosmarinus
https://inaturalist-open-data.s3.amazonaws.com/photos/126653325/medium.jpg,Salvia rosmarinus
https://inaturalist-open-data.s3.amazonaws.com/photos/126690557/medium.jpg,Salvia rosmarinus
https://inaturalist-open-data.s3.amazonaws.com/photos/126745087/medium.jpg,Salvia rosmarinus
https://inaturalist-open-data.s3.amazonaws.com/photos/126745253/medium.jpg,Salvia rosmarinus
https://inaturalist-open-data.s3.amazonaws.com/photos/126753877/medium.jpg,Salvia rosmarinus
https://inaturalist-open-data.s3.amazonaws.com/photos/126753974/medium.jpg,Salvia rosmarinus
https://inaturalist-open-data.s3.amazonaws.com/photos/126756414/medium.jpg,Salvia rosmarinus
https://inaturalist-open-data.s3.amazonaws.com/photos/126756642/medium.jpg,Salvia rosmarinus
https://inaturalist-open-data.s3.amazonaws.com/photos/126757035/medium.jpg,Salvia rosmarinus
https://inaturalist-open-data.s3.amazonaws.com/photos/126757060/medium.jpg,Salvia rosmarinus
https://inaturalist-open-data.s3.amazonaws.com/photos/126761648/medium.jpg,Salvia rosmarinus
https://inaturalist-open-data.s3.amazonaws.com/photos/126787825/medium.jpeg,Salvia rosmarinus
https://inaturalist-open-data.s3.amazonaws.com/photos/126785461/medium.jpg,Salvia rosmarinus
https://inaturalist-open-data.s3.amazonaws.com/photos/126785645/medium.jpg,Salvia rosmarinus
https://inaturalist-open-data.s3.amazonaws.com/photos/126885325/medium.jpg,Salvia rosmarinus
https://inaturalist-open-data.s3.amazonaws.com/photos/126896265/medium.jpg,Salvia rosmarinus
https://inaturalist-open-data.s3.amazonaws.com/photos/126896377/medium.jpg,Salvia rosmarinus
https://inaturalist-open-data.s3.amazonaws.com/photos/126930590/medium.jpg,Salvia rosmarinus
https://inaturalist-open-data.s3.amazonaws.com/photos/126951337/medium.jpg,Salvia rosmarinus
https://inaturalist-open-data.s3.amazonaws.com/photos/126997551/medium.jpg,Salvia rosmarinus
https://inaturalist-open-data.s3.amazonaws.com/photos/127013592/medium.jpg,Salvia rosmarinus
https://inaturalist-open-data.s3.amazonaws.com/photos/127013643/medium.jpg,Salvia rosmarinus
https://inaturalist-open-data.s3.amazonaws.com/photos/127013767/medium.jpg,Salvia rosmarinus
https://inaturalist-open-data.s3.amazonaws.com/photos/127013856/medium.jpg,Salvia rosmarinus
https://inaturalist-open-data.s3.amazonaws.com/photos/127013943/medium.jpg,Salvia rosmarinus
https://inaturalist-open-data.s3.amazonaws.com/photos/127036570/medium.jpeg,Salvia rosmarinus
https://inaturalist-open-data.s3.amazonaws.com/photos/127175864/medium.jpg,Salvia rosmarinus
https://inaturalist-open-data.s3.amazonaws.com/photos/127210704/medium.jpeg,Salvia rosmarinus
https://inaturalist-open-data.s3.amazonaws.com/photos/127278687/medium.jpeg,Salvia rosmarinus
https://inaturalist-open-data.s3.amazonaws.com/photos/127364825/medium.jpg,Salvia rosmarinus
https://inaturalist-open-data.s3.amazonaws.com/photos/127379719/medium.jpeg,Salvia rosmarinus
https://static.inaturalist.org/photos/127381238/medium.jpeg,Salvia rosmarinus
https://inaturalist-open-data.s3.amazonaws.com/photos/127387102/medium.jpeg,Salvia rosmarinus
https://inaturalist-open-data.s3.amazonaws.com/photos/127393583/medium.jpg,Salvia rosmarinus
https://static.inaturalist.org/photos/127416506/medium.jpeg,Salvia rosmarinus
https://inaturalist-open-data.s3.amazonaws.com/photos/127415317/medium.jpeg,Salvia rosmarinus
https://inaturalist-open-data.s3.amazonaws.com/photos/127465250/medium.jpeg,Salvia rosmarinus
https://inaturalist-open-data.s3.amazonaws.com/photos/127598582/medium.jpg,Salvia rosmarinus
https://static.inaturalist.org/photos/127679529/medium.jpeg,Salvia rosmarinus
https://inaturalist-open-data.s3.amazonaws.com/photos/127690203/medium.jpg,Salvia rosmarinus
https://inaturalist-open-data.s3.amazonaws.com/photos/127758060/medium.jpg,Salvia rosmarinus
https://inaturalist-open-data.s3.amazonaws.com/photos/127797760/medium.jpg,Salvia rosmarinus
https://inaturalist-open-data.s3.amazonaws.com/photos/127801130/medium.jpg,Salvia rosmarinus
https://inaturalist-open-data.s3.amazonaws.com/photos/127811094/medium.jpg,Salvia rosmarinus
https://static.inaturalist.org/photos/127859903/medium.jpeg,Salvia rosmarinus
https://static.inaturalist.org/photos/127944648/medium.jpeg,Salvia rosmarinus
https://static.inaturalist.org/photos/128004487/medium.jpeg,Salvia rosmarinus
https://inaturalist-open-data.s3.amazonaws.com/photos/128008760/medium.jpeg,Salvia rosmarinus
https://inaturalist-open-data.s3.amazonaws.com/photos/128011188/medium.jpg,Salvia rosmarinus
https://inaturalist-open-data.s3.amazonaws.com/photos/128035478/medium.jpeg,Salvia rosmarinus
https://inaturalist-open-data.s3.amazonaws.com/photos/128047032/medium.jpeg,Salvia rosmarinus
https://static.inaturalist.org/photos/128084361/medium.jpeg,Salvia rosmarinus
https://static.inaturalist.org/photos/128188830/medium.jpeg,Salvia rosmarinus
https://inaturalist-open-data.s3.amazonaws.com/photos/128200354/medium.jpeg,Salvia rosmarinus
https://inaturalist-open-data.s3.amazonaws.com/photos/128211911/medium.jpg,Salvia rosmarinus
https://inaturalist-open-data.s3.amazonaws.com/photos/128217526/medium.jpg,Salvia rosmarinus
https://inaturalist-open-data.s3.amazonaws.com/photos/128220232/medium.jpeg,Salvia rosmarinus
https://static.inaturalist.org/photos/128330185/medium.jpg,Salvia rosmarinus
https://static.inaturalist.org/photos/128379261/medium.jpg,Salvia rosmarinus
https://inaturalist-open-data.s3.amazonaws.com/photos/128380052/medium.jpeg,Salvia rosmarinus
https://inaturalist-open-data.s3.amazonaws.com/photos/128413607/medium.jpeg,Salvia rosmarinus
https://inaturalist-open-data.s3.amazonaws.com/photos/128415574/medium.jpeg,Salvia rosmarinus
https://static.inaturalist.org/photos/128456190/medium.jpeg,Salvia rosmarinus
https://static.inaturalist.org/photos/128467053/medium.jpeg,Salvia rosmarinus
https://static.inaturalist.org/photos/128572980/medium.jpeg,Salvia rosmarinus
https://inaturalist-open-data.s3.amazonaws.com/photos/128622963/medium.jpg,Salvia rosmarinus
https://inaturalist-open-data.s3.amazonaws.com/photos/128654514/medium.jpeg,Salvia rosmarinus
https://static.inaturalist.org/photos/128790760/medium.jpg,Salvia rosmarinus
https://static.inaturalist.org/photos/128888018/medium.jpeg,Salvia rosmarinus
https://inaturalist-open-data.s3.amazonaws.com/photos/128900415/medium.jpg,Salvia rosmarinus
https://static.inaturalist.org/photos/128906218/medium.jpeg,Salvia rosmarinus
https://inaturalist-open-data.s3.amazonaws.com/photos/129055367/medium.jpeg,Salvia rosmarinus
https://inaturalist-open-data.s3.amazonaws.com/photos/129055545/medium.jpeg,Salvia rosmarinus
https://inaturalist-open-data.s3.amazonaws.com/photos/129106129/medium.jpg,Salvia rosmarinus
https://inaturalist-open-data.s3.amazonaws.com/photos/129151990/medium.jpeg,Salvia rosmarinus
https://inaturalist-open-data.s3.amazonaws.com/photos/129176489/medium.jpeg,Salvia rosmarinus
https://inaturalist-open-data.s3.amazonaws.com/photos/129277931/medium.jpg,Salvia rosmarinus
https://static.inaturalist.org/photos/129283718/medium.jpg,Salvia rosmarinus
https://static.inaturalist.org/photos/129319300/medium.jpeg,Salvia rosmarinus
https://inaturalist-open-data.s3.amazonaws.com/photos/129393576/medium.jpg,Salvia rosmarinus
https://inaturalist-open-data.s3.amazonaws.com/photos/129396985/medium.jpg,Salvia rosmarinus
https://inaturalist-open-data.s3.amazonaws.com/photos/129463997/medium.jpeg,Salvia rosmarinus
https://inaturalist-open-data.s3.amazonaws.com/photos/129422643/medium.jpeg,Salvia rosmarinus
https://inaturalist-open-data.s3.amazonaws.com/photos/129501930/medium.jpg,Salvia rosmarinus
https://inaturalist-open-data.s3.amazonaws.com/photos/129561980/medium.jpg,Salvia rosmarinus
https://inaturalist-open-data.s3.amazonaws.com/photos/129585567/medium.jpeg,Salvia rosmarinus
https://static.inaturalist.org/photos/129650676/medium.jpeg,Salvia rosmarinus
https://inaturalist-open-data.s3.amazonaws.com/photos/129654539/medium.jpg,Salvia rosmarinus
https://static.inaturalist.org/photos/129787579/medium.jpeg,Salvia rosmarinus
https://inaturalist-open-data.s3.amazonaws.com/photos/129822982/medium.jpeg,Salvia rosmarinus
https://static.inaturalist.org/photos/129862109/medium.jpeg,Salvia rosmarinus
https://static.inaturalist.org/photos/129910403/medium.jpeg,Salvia rosmarinus
https://inaturalist-open-data.s3.amazonaws.com/photos/129971884/medium.jpeg,Salvia rosmarinus
https://static.inaturalist.org/photos/130008027/medium.jpeg,Salvia rosmarinus
https://inaturalist-open-data.s3.amazonaws.com/photos/130014222/medium.jpg,Salvia rosmarinus
https://static.inaturalist.org/photos/130014842/medium.jpeg,Salvia rosmarinus
https://inaturalist-open-data.s3.amazonaws.com/photos/130015650/medium.jpeg,Salvia rosmarinus
https://static.inaturalist.org/photos/130017017/medium.jpeg,Salvia rosmarinus
https://static.inaturalist.org/photos/130061742/medium.jpg,Salvia rosmarinus
https://inaturalist-open-data.s3.amazonaws.com/photos/130084950/medium.jpeg,Salvia rosmarinus
https://inaturalist-open-data.s3.amazonaws.com/photos/130223591/medium.jpg,Salvia rosmarinus
https://inaturalist-open-data.s3.amazonaws.com/photos/130325639/medium.jpeg,Salvia rosmarinus
https://static.inaturalist.org/photos/130438667/medium.jpeg,Salvia rosmarinus
https://static.inaturalist.org/photos/130438734/medium.jpg,Salvia rosmarinus
https://static.inaturalist.org/photos/130439490/medium.jpeg,Salvia rosmarinus
https://inaturalist-open-data.s3.amazonaws.com/photos/130450168/medium.jpeg,Salvia rosmarinus
https://inaturalist-open-data.s3.amazonaws.com/photos/130472336/medium.jpeg,Salvia rosmarinus
https://inaturalist-open-data.s3.amazonaws.com/photos/130504283/medium.jpeg,Salvia rosmarinus
https://static.inaturalist.org/photos/130508394/medium.jpeg,Salvia rosmarinus
https://inaturalist-open-data.s3.amazonaws.com/photos/130512501/medium.jpeg,Salvia rosmarinus
https://static.inaturalist.org/photos/132085608/medium.jpg,Salvia rosmarinus
https://static.inaturalist.org/photos/130538333/medium.jpeg,Salvia rosmarinus
https://inaturalist-open-data.s3.amazonaws.com/photos/130538685/medium.jpg,Salvia rosmarinus
https://inaturalist-open-data.s3.amazonaws.com/photos/130562812/medium.jpeg,Salvia rosmarinus
https://static.inaturalist.org/photos/130619376/medium.jpeg,Salvia rosmarinus
https://inaturalist-open-data.s3.amazonaws.com/photos/130640019/medium.jpeg,Salvia rosmarinus
https://inaturalist-open-data.s3.amazonaws.com/photos/130640124/medium.jpg,Salvia rosmarinus
https://static.inaturalist.org/photos/130650056/medium.jpeg,Salvia rosmarinus
https://inaturalist-open-data.s3.amazonaws.com/photos/130651619/medium.jpeg,Salvia rosmarinus
https://inaturalist-open-data.s3.amazonaws.com/photos/130656581/medium.jpg,Salvia rosmarinus
https://static.inaturalist.org/photos/130685382/medium.jpeg,Salvia rosmarinus
https://static.inaturalist.org/photos/130688539/medium.jpeg,Salvia rosmarinus
https://inaturalist-open-data.s3.amazonaws.com/photos/130671263/medium.jpeg,Salvia rosmarinus
https://static.inaturalist.org/photos/130691041/medium.jpeg,Salvia rosmarinus
https://static.inaturalist.org/photos/130695091/medium.jpg,Salvia rosmarinus
https://inaturalist-open-data.s3.amazonaws.com/photos/130711525/medium.jpeg,Salvia rosmarinus
https://static.inaturalist.org/photos/130723928/medium.jpeg,Salvia rosmarinus
https://inaturalist-open-data.s3.amazonaws.com/photos/130732410/medium.jpeg,Salvia rosmarinus
https://inaturalist-open-data.s3.amazonaws.com/photos/130733586/medium.jpeg,Salvia rosmarinus
https://inaturalist-open-data.s3.amazonaws.com/photos/130735922/medium.jpg,Salvia rosmarinus
https://static.inaturalist.org/photos/130744258/medium.jpeg,Salvia rosmarinus
https://inaturalist-open-data.s3.amazonaws.com/photos/130745876/medium.jpeg,Salvia rosmarinus
https://inaturalist-open-data.s3.amazonaws.com/photos/130754664/medium.jpg,Salvia rosmarinus
https://inaturalist-open-data.s3.amazonaws.com/photos/130758909/medium.jpeg,Salvia rosmarinus
https://inaturalist-open-data.s3.amazonaws.com/photos/130785752/medium.jpg,Salvia rosmarinus
https://inaturalist-open-data.s3.amazonaws.com/photos/130817178/medium.jpeg,Salvia rosmarinus
https://inaturalist-open-data.s3.amazonaws.com/photos/130850394/medium.jpg,Salvia rosmarinus
https://inaturalist-open-data.s3.amazonaws.com/photos/130907864/medium.jpeg,Salvia rosmarinus
https://inaturalist-open-data.s3.amazonaws.com/photos/130908524/medium.jpg,Salvia rosmarinus
https://static.inaturalist.org/photos/130918703/medium.jpeg,Salvia rosmarinus
https://static.inaturalist.org/photos/130920103/medium.jpeg,Salvia rosmarinus
https://inaturalist-open-data.s3.amazonaws.com/photos/130922552/medium.jpg,Salvia rosmarinus
https://inaturalist-open-data.s3.amazonaws.com/photos/130924446/medium.jpeg,Salvia rosmarinus
https://inaturalist-open-data.s3.amazonaws.com/photos/130929689/medium.jpg,Salvia rosmarinus
https://inaturalist-open-data.s3.amazonaws.com/photos/130929537/medium.jpg,Salvia rosmarinus
https://static.inaturalist.org/photos/130929789/medium.jpeg,Salvia rosmarinus
https://static.inaturalist.org/photos/130933091/medium.jpeg,Salvia rosmarinus
https://inaturalist-open-data.s3.amazonaws.com/photos/130934730/medium.jpg,Salvia rosmarinus
https://static.inaturalist.org/photos/130935245/medium.jpeg,Salvia rosmarinus
https://inaturalist-open-data.s3.amazonaws.com/photos/130940885/medium.jpeg,Salvia rosmarinus
https://inaturalist-open-data.s3.amazonaws.com/photos/130942916/medium.jpeg,Salvia rosmarinus
https://inaturalist-open-data.s3.amazonaws.com/photos/130945274/medium.jpeg,Salvia rosmarinus
https://inaturalist-open-data.s3.amazonaws.com/photos/130958851/medium.jpeg,Salvia rosmarinus
https://inaturalist-open-data.s3.amazonaws.com/photos/130969281/medium.jpeg,Salvia rosmarinus
https://inaturalist-open-data.s3.amazonaws.com/photos/130972503/medium.jpg,Salvia rosmarinus
https://static.inaturalist.org/photos/130989883/medium.jpeg,Salvia rosmarinus
https://static.inaturalist.org/photos/130991592/medium.jpeg,Salvia rosmarinus
https://inaturalist-open-data.s3.amazonaws.com/photos/131002111/medium.jpeg,Salvia rosmarinus
https://static.inaturalist.org/photos/131020598/medium.jpeg,Salvia rosmarinus
https://static.inaturalist.org/photos/131022327/medium.jpg,Salvia rosmarinus
https://static.inaturalist.org/photos/131022191/medium.jpg,Salvia rosmarinus
https://static.inaturalist.org/photos/131022298/medium.jpg,Salvia rosmarinus
https://static.inaturalist.org/photos/131022334/medium.jpg,Salvia rosmarinus
https://inaturalist-open-data.s3.amazonaws.com/photos/131033555/medium.jpeg,Salvia rosmarinus
https://inaturalist-open-data.s3.amazonaws.com/photos/131038388/medium.jpeg,Salvia rosmarinus
https://static.inaturalist.org/photos/131033290/medium.jpg,Salvia rosmarinus
https://static.inaturalist.org/photos/131035261/medium.jpg,Salvia rosmarinus
https://static.inaturalist.org/photos/131037755/medium.jpg,Salvia rosmarinus
https://static.inaturalist.org/photos/131033371/medium.jpg,Salvia rosmarinus
https://static.inaturalist.org/photos/131049967/medium.jpg,Salvia rosmarinus
https://static.inaturalist.org/photos/131064969/medium.jpeg,Salvia rosmarinus
https://static.inaturalist.org/photos/131062715/medium.jpg,Salvia rosmarinus
https://inaturalist-open-data.s3.amazonaws.com/photos/131073664/medium.jpg,Salvia rosmarinus
https://static.inaturalist.org/photos/131077945/medium.jpeg,Salvia rosmarinus
https://inaturalist-open-data.s3.amazonaws.com/photos/131072953/medium.jpeg,Salvia rosmarinus
https://inaturalist-open-data.s3.amazonaws.com/photos/131078953/medium.jpeg,Salvia rosmarinus
https://static.inaturalist.org/photos/131097325/medium.jpeg,Salvia rosmarinus
https://inaturalist-open-data.s3.amazonaws.com/photos/131102426/medium.jpeg,Salvia rosmarinus
https://inaturalist-open-data.s3.amazonaws.com/photos/131115107/medium.jpeg,Salvia rosmarinus
https://inaturalist-open-data.s3.amazonaws.com/photos/131113142/medium.jpeg,Salvia rosmarinus
https://inaturalist-open-data.s3.amazonaws.com/photos/131127672/medium.jpeg,Salvia rosmarinus
https://static.inaturalist.org/photos/131205279/medium.jpg,Salvia rosmarinus
https://inaturalist-open-data.s3.amazonaws.com/photos/131211278/medium.jpeg,Salvia rosmarinus
https://static.inaturalist.org/photos/131232454/medium.jpeg,Salvia rosmarinus
https://inaturalist-open-data.s3.amazonaws.com/photos/131233090/medium.jpg,Salvia rosmarinus
https://inaturalist-open-data.s3.amazonaws.com/photos/131235914/medium.jpg,Salvia rosmarinus
https://inaturalist-open-data.s3.amazonaws.com/photos/131256547/medium.jpeg,Salvia rosmarinus
https://static.inaturalist.org/photos/134264706/medium.jpeg,Salvia rosmarinus
https://inaturalist-open-data.s3.amazonaws.com/photos/131362069/medium.jpeg,Salvia rosmarinus
https://inaturalist-open-data.s3.amazonaws.com/photos/131445755/medium.jpg,Salvia rosmarinus
https://inaturalist-open-data.s3.amazonaws.com/photos/131450936/medium.jpg,Salvia rosmarinus
https://inaturalist-open-data.s3.amazonaws.com/photos/131450969/medium.jpg,Salvia rosmarinus
https://static.inaturalist.org/photos/131454774/medium.jpeg,Salvia rosmarinus
https://static.inaturalist.org/photos/131455611/medium.jpeg,Salvia rosmarinus
https://inaturalist-open-data.s3.amazonaws.com/photos/131535705/medium.jpeg,Salvia rosmarinus
https://inaturalist-open-data.s3.amazonaws.com/photos/131543928/medium.jpeg,Salvia rosmarinus
https://inaturalist-open-data.s3.amazonaws.com/photos/131555192/medium.jpeg,Salvia rosmarinus
https://static.inaturalist.org/photos/136584226/medium.jpg,Salvia rosmarinus
https://inaturalist-open-data.s3.amazonaws.com/photos/131658468/medium.jpg,Salvia rosmarinus
https://inaturalist-open-data.s3.amazonaws.com/photos/131666822/medium.jpeg,Salvia rosmarinus
https://inaturalist-open-data.s3.amazonaws.com/photos/131668627/medium.jpg,Salvia rosmarinus
https://inaturalist-open-data.s3.amazonaws.com/photos/131676604/medium.jpg,Salvia rosmarinus
https://inaturalist-open-data.s3.amazonaws.com/photos/131677946/medium.jpeg,Salvia rosmarinus
https://inaturalist-open-data.s3.amazonaws.com/photos/131677617/medium.jpg,Salvia rosmarinus
https://inaturalist-open-data.s3.amazonaws.com/photos/131685111/medium.jpeg,Salvia rosmarinus
https://inaturalist-open-data.s3.amazonaws.com/photos/131700985/medium.jpg,Salvia rosmarinus
https://inaturalist-open-data.s3.amazonaws.com/photos/131739364/medium.jpeg,Salvia rosmarinus
https://static.inaturalist.org/photos/131873551/medium.jpeg,Salvia rosmarinus
https://static.inaturalist.org/photos/131885153/medium.jpeg,Salvia rosmarinus
https://inaturalist-open-data.s3.amazonaws.com/photos/131903916/medium.jpg,Salvia rosmarinus
https://static.inaturalist.org/photos/131904935/medium.jpeg,Salvia rosmarinus
https://inaturalist-open-data.s3.amazonaws.com/photos/131933379/medium.jpg,Salvia rosmarinus
https://inaturalist-open-data.s3.amazonaws.com/photos/131941587/medium.jpeg,Salvia rosmarinus
https://inaturalist-open-data.s3.amazonaws.com/photos/131941799/medium.jpeg,Salvia rosmarinus
https://inaturalist-open-data.s3.amazonaws.com/photos/131971662/medium.jpeg,Salvia rosmarinus
https://static.inaturalist.org/photos/132005675/medium.jpeg,Salvia rosmarinus
https://inaturalist-open-data.s3.amazonaws.com/photos/132069340/medium.jpeg,Salvia rosmarinus
https://inaturalist-open-data.s3.amazonaws.com/photos/132078158/medium.jpg,Salvia rosmarinus
https://inaturalist-open-data.s3.amazonaws.com/photos/132377389/medium.jpg,Salvia rosmarinus
https://static.inaturalist.org/photos/132398174/medium.jpeg,Salvia rosmarinus
https://inaturalist-open-data.s3.amazonaws.com/photos/132417803/medium.jpeg,Salvia rosmarinus
https://inaturalist-open-data.s3.amazonaws.com/photos/132555256/medium.jpg,Salvia rosmarinus
https://inaturalist-open-data.s3.amazonaws.com/photos/132565014/medium.jpg,Salvia rosmarinus
https://inaturalist-open-data.s3.amazonaws.com/photos/132572910/medium.jpg,Salvia rosmarinus
https://inaturalist-open-data.s3.amazonaws.com/photos/132640797/medium.jpeg,Salvia rosmarinus
https://inaturalist-open-data.s3.amazonaws.com/photos/132869803/medium.jpeg,Salvia rosmarinus
https://inaturalist-open-data.s3.amazonaws.com/photos/132961936/medium.jpg,Salvia rosmarinus
https://inaturalist-open-data.s3.amazonaws.com/photos/133081287/medium.jpeg,Salvia rosmarinus
https://inaturalist-open-data.s3.amazonaws.com/photos/133103041/medium.jpg,Salvia rosmarinus
https://inaturalist-open-data.s3.amazonaws.com/photos/133103105/medium.jpg,Salvia rosmarinus
https://inaturalist-open-data.s3.amazonaws.com/photos/133103923/medium.jpg,Salvia rosmarinus
https://inaturalist-open-data.s3.amazonaws.com/photos/133127218/medium.jpg,Salvia rosmarinus
https://inaturalist-open-data.s3.amazonaws.com/photos/133153475/medium.jpeg,Salvia rosmarinus
https://inaturalist-open-data.s3.amazonaws.com/photos/133180729/medium.jpeg,Salvia rosmarinus
https://inaturalist-open-data.s3.amazonaws.com/photos/133499820/medium.jpeg,Salvia rosmarinus
https://inaturalist-open-data.s3.amazonaws.com/photos/133422994/medium.jpeg,Salvia rosmarinus
https://inaturalist-open-data.s3.amazonaws.com/photos/133533326/medium.jpeg,Salvia rosmarinus
https://inaturalist-open-data.s3.amazonaws.com/photos/133770798/medium.jpeg,Salvia rosmarinus
https://static.inaturalist.org/photos/133853866/medium.jpeg,Salvia rosmarinus
https://inaturalist-open-data.s3.amazonaws.com/photos/133857934/medium.jpeg,Salvia rosmarinus
https://inaturalist-open-data.s3.amazonaws.com/photos/133867072/medium.jpg,Salvia rosmarinus
https://static.inaturalist.org/photos/133910714/medium.jpeg,Salvia rosmarinus
https://inaturalist-open-data.s3.amazonaws.com/photos/134042940/medium.jpg,Salvia rosmarinus
https://inaturalist-open-data.s3.amazonaws.com/photos/134064048/medium.jpeg,Salvia rosmarinus
https://static.inaturalist.org/photos/134073232/medium.jpeg,Salvia rosmarinus
https://inaturalist-open-data.s3.amazonaws.com/photos/134074593/medium.jpeg,Salvia rosmarinus
https://inaturalist-open-data.s3.amazonaws.com/photos/134385464/medium.jpeg,Salvia rosmarinus
https://inaturalist-open-data.s3.amazonaws.com/photos/134388378/medium.jpeg,Salvia rosmarinus
https://inaturalist-open-data.s3.amazonaws.com/photos/134431574/medium.jpg,Salvia rosmarinus
https://static.inaturalist.org/photos/134437639/medium.jpeg,Salvia rosmarinus
https://static.inaturalist.org/photos/134502005/medium.jpg,Salvia rosmarinus
https://static.inaturalist.org/photos/134584491/medium.jpeg,Salvia rosmarinus
https://inaturalist-open-data.s3.amazonaws.com/photos/134669543/medium.jpeg,Salvia rosmarinus
https://inaturalist-open-data.s3.amazonaws.com/photos/134772148/medium.jpeg,Salvia rosmarinus
https://static.inaturalist.org/photos/134785901/medium.jpeg,Salvia rosmarinus
https://inaturalist-open-data.s3.amazonaws.com/photos/134809556/medium.jpeg,Salvia rosmarinus
https://inaturalist-open-data.s3.amazonaws.com/photos/135172476/medium.jpg,Salvia rosmarinus
https://static.inaturalist.org/photos/135447758/medium.jpeg,Salvia rosmarinus
https://static.inaturalist.org/photos/135461553/medium.jpeg,Salvia rosmarinus
https://static.inaturalist.org/photos/135475082/medium.jpeg,Salvia rosmarinus
https://inaturalist-open-data.s3.amazonaws.com/photos/135587082/medium.jpg,Salvia rosmarinus
https://inaturalist-open-data.s3.amazonaws.com/photos/135716043/medium.jpeg,Salvia rosmarinus
https://inaturalist-open-data.s3.amazonaws.com/photos/136101753/medium.jpeg,Salvia rosmarinus
https://inaturalist-open-data.s3.amazonaws.com/photos/136218864/medium.jpg,Salvia rosmarinus
https://static.inaturalist.org/photos/136696277/medium.jpeg,Salvia rosmarinus
https://inaturalist-open-data.s3.amazonaws.com/photos/136825730/medium.jpg,Salvia rosmarinus
https://inaturalist-open-data.s3.amazonaws.com/photos/136825847/medium.jpg,Salvia rosmarinus
https://inaturalist-open-data.s3.amazonaws.com/photos/136928819/medium.jpg,Salvia rosmarinus
https://static.inaturalist.org/photos/136978531/medium.jpeg,Salvia rosmarinus
https://static.inaturalist.org/photos/137119560/medium.jpg,Salvia rosmarinus
https://inaturalist-open-data.s3.amazonaws.com/photos/137184667/medium.jpeg,Salvia rosmarinus
https://inaturalist-open-data.s3.amazonaws.com/photos/137213055/medium.jpeg,Salvia rosmarinus
https://static.inaturalist.org/photos/137302388/medium.jpg,Salvia rosmarinus
https://inaturalist-open-data.s3.amazonaws.com/photos/137309314/medium.jpeg,Salvia rosmarinus
https://inaturalist-open-data.s3.amazonaws.com/photos/137308994/medium.jpeg,Salvia rosmarinus
https://inaturalist-open-data.s3.amazonaws.com/photos/137348293/medium.jpeg,Salvia rosmarinus
https://inaturalist-open-data.s3.amazonaws.com/photos/137572540/medium.jpg,Salvia rosmarinus
https://inaturalist-open-data.s3.amazonaws.com/photos/137627701/medium.jpeg,Salvia rosmarinus
https://static.inaturalist.org/photos/137650265/medium.jpeg,Salvia rosmarinus
https://inaturalist-open-data.s3.amazonaws.com/photos/137661915/medium.jpeg,Salvia rosmarinus
https://inaturalist-open-data.s3.amazonaws.com/photos/137854045/medium.jpeg,Salvia rosmarinus
https://static.inaturalist.org/photos/137944266/medium.jpg,Salvia rosmarinus
https://inaturalist-open-data.s3.amazonaws.com/photos/137990417/medium.jpeg,Salvia rosmarinus
https://inaturalist-open-data.s3.amazonaws.com/photos/138009769/medium.png,Platycheirus fenestrata
https://inaturalist-open-data.s3.amazonaws.com/photos/138061599/medium.jpg,Salvia rosmarinus
https://inaturalist-open-data.s3.amazonaws.com/photos/138067219/medium.jpg,Salvia rosmarinus
https://inaturalist-open-data.s3.amazonaws.com/photos/138076025/medium.jpeg,Salvia rosmarinus
https://inaturalist-open-data.s3.amazonaws.com/photos/138163150/medium.jpg,Salvia rosmarinus
https://inaturalist-open-data.s3.amazonaws.com/photos/138263519/medium.jpg,Salvia rosmarinus
https://inaturalist-open-data.s3.amazonaws.com/photos/138395876/medium.jpeg,Salvia rosmarinus
https://inaturalist-open-data.s3.amazonaws.com/photos/138365331/medium.jpeg,Salvia rosmarinus
https://inaturalist-open-data.s3.amazonaws.com/photos/138571110/medium.jpeg,Salvia rosmarinus
https://inaturalist-open-data.s3.amazonaws.com/photos/138932487/medium.jpeg,Salvia rosmarinus
https://inaturalist-open-data.s3.amazonaws.com/photos/139244736/medium.jpeg,Salvia rosmarinus
https://static.inaturalist.org/photos/139364831/medium.jpeg,Salvia rosmarinus
https://inaturalist-open-data.s3.amazonaws.com/photos/139543843/medium.jpeg,Salvia rosmarinus
https://static.inaturalist.org/photos/139608456/medium.jpg,Salvia rosmarinus
https://static.inaturalist.org/photos/139758862/medium.jpg,Salvia rosmarinus
https://static.inaturalist.org/photos/139814208/medium.jpg,Salvia rosmarinus
https://inaturalist-open-data.s3.amazonaws.com/photos/139830809/medium.jpeg,Salvia rosmarinus
https://inaturalist-open-data.s3.amazonaws.com/photos/139915956/medium.jpeg,Salvia rosmarinus
https://static.inaturalist.org/photos/140132080/medium.jpeg,Salvia rosmarinus
https://inaturalist-open-data.s3.amazonaws.com/photos/140170700/medium.jpeg,Salvia rosmarinus
https://static.inaturalist.org/photos/140220011/medium.jpeg,Salvia rosmarinus
https://inaturalist-open-data.s3.amazonaws.com/photos/140291932/medium.jpeg,Salvia rosmarinus
https://inaturalist-open-data.s3.amazonaws.com/photos/140351170/medium.jpg,Salvia rosmarinus
https://static.inaturalist.org/photos/140426094/medium.jpeg,Salvia rosmarinus
https://static.inaturalist.org/photos/140622238/medium.jpeg,Salvia rosmarinus
https://inaturalist-open-data.s3.amazonaws.com/photos/140755365/medium.jpeg,Salvia rosmarinus
https://static.inaturalist.org/photos/140759442/medium.jpeg,Salvia rosmarinus
https://inaturalist-open-data.s3.amazonaws.com/photos/141047204/medium.jpg,Salvia rosmarinus
https://static.inaturalist.org/photos/141224368/medium.jpg,Salvia rosmarinus
https://static.inaturalist.org/photos/141256963/medium.jpeg,Salvia rosmarinus
https://static.inaturalist.org/photos/141264609/medium.jpeg,Salvia rosmarinus
https://static.inaturalist.org/photos/141286188/medium.jpeg,Salvia rosmarinus
https://inaturalist-open-data.s3.amazonaws.com/photos/141466760/medium.jpeg,Salvia rosmarinus
https://inaturalist-open-data.s3.amazonaws.com/photos/141500293/medium.jpeg,Salvia rosmarinus
https://inaturalist-open-data.s3.amazonaws.com/photos/141651497/medium.jpg,Salvia rosmarinus
https://static.inaturalist.org/photos/141667582/medium.jpg,Salvia rosmarinus
https://static.inaturalist.org/photos/141754667/medium.jpeg,Salvia rosmarinus
https://inaturalist-open-data.s3.amazonaws.com/photos/142138108/medium.jpeg,Salvia rosmarinus
https://inaturalist-open-data.s3.amazonaws.com/photos/142174172/medium.jpeg,Salvia rosmarinus
https://inaturalist-open-data.s3.amazonaws.com/photos/142229816/medium.png,Alloscirtetica tristrigata
https://static.inaturalist.org/photos/142278095/medium.jpeg,Salvia rosmarinus
https://static.inaturalist.org/photos/142284861/medium.jpeg,Salvia rosmarinus
https://inaturalist-open-data.s3.amazonaws.com/photos/142664876/medium.jpg,Salvia rosmarinus
https://inaturalist-open-data.s3.amazonaws.com/photos/143127086/medium.jpg,Salvia rosmarinus
https://inaturalist-open-data.s3.amazonaws.com/photos/143136388/medium.jpeg,Salvia rosmarinus
https://static.inaturalist.org/photos/143187585/medium.jpeg,Salvia rosmarinus
https://inaturalist-open-data.s3.amazonaws.com/photos/143254513/medium.jpg,Salvia rosmarinus
https://inaturalist-open-data.s3.amazonaws.com/photos/143273962/medium.jpg,Salvia rosmarinus
https://inaturalist-open-data.s3.amazonaws.com/photos/143274077/medium.jpg,Salvia rosmarinus
https://inaturalist-open-data.s3.amazonaws.com/photos/143361885/medium.jpg,Salvia rosmarinus
https://inaturalist-open-data.s3.amazonaws.com/photos/143361922/medium.jpg,Salvia rosmarinus
https://inaturalist-open-data.s3.amazonaws.com/photos/143395093/medium.jpeg,Salvia rosmarinus
https://inaturalist-open-data.s3.amazonaws.com/photos/143402516/medium.jpeg,Salvia rosmarinus
https://inaturalist-open-data.s3.amazonaws.com/photos/143476793/medium.jpeg,Salvia rosmarinus
https://inaturalist-open-data.s3.amazonaws.com/photos/143457494/medium.jpg,Salvia rosmarinus
https://static.inaturalist.org/photos/143559423/medium.jpeg,Salvia rosmarinus
https://inaturalist-open-data.s3.amazonaws.com/photos/143576091/medium.jpg,Salvia rosmarinus
https://static.inaturalist.org/photos/143740332/medium.jpeg,Salvia rosmarinus
https://static.inaturalist.org/photos/143928908/medium.jpeg,Salvia rosmarinus
https://inaturalist-open-data.s3.amazonaws.com/photos/143931508/medium.jpeg,Salvia rosmarinus
https://static.inaturalist.org/photos/144044879/medium.jpeg,Salvia rosmarinus
https://inaturalist-open-data.s3.amazonaws.com/photos/144096215/medium.jpg,Salvia rosmarinus
https://inaturalist-open-data.s3.amazonaws.com/photos/144097932/medium.jpg,Salvia rosmarinus
https://inaturalist-open-data.s3.amazonaws.com/photos/144097996/medium.jpg,Salvia rosmarinus
https://inaturalist-open-data.s3.amazonaws.com/photos/144285092/medium.jpg,Salvia rosmarinus
https://inaturalist-open-data.s3.amazonaws.com/photos/144389681/medium.jpeg,Salvia rosmarinus
https://inaturalist-open-data.s3.amazonaws.com/photos/144467255/medium.jpeg,Salvia rosmarinus
https://inaturalist-open-data.s3.amazonaws.com/photos/144511911/medium.jpg,Salvia rosmarinus
https://static.inaturalist.org/photos/144613351/medium.jpg,Salvia rosmarinus
https://inaturalist-open-data.s3.amazonaws.com/photos/144630728/medium.jpg,Salvia rosmarinus
https://inaturalist-open-data.s3.amazonaws.com/photos/146260609/medium.jpeg,Salvia rosmarinus
https://static.inaturalist.org/photos/144782801/medium.jpg,Salvia rosmarinus
https://inaturalist-open-data.s3.amazonaws.com/photos/144784644/medium.jpg,Salvia rosmarinus
https://inaturalist-open-data.s3.amazonaws.com/photos/144897791/medium.jpeg,Salvia rosmarinus
https://inaturalist-open-data.s3.amazonaws.com/photos/144960994/medium.jpeg,Salvia rosmarinus
https://inaturalist-open-data.s3.amazonaws.com/photos/144965496/medium.jpg,Salvia rosmarinus
https://static.inaturalist.org/photos/145082087/medium.jpg,Salvia rosmarinus
https://static.inaturalist.org/photos/145091954/medium.jpeg,Salvia rosmarinus
https://inaturalist-open-data.s3.amazonaws.com/photos/145127272/medium.jpeg,Salvia rosmarinus
https://inaturalist-open-data.s3.amazonaws.com/photos/145187771/medium.jpeg,Salvia rosmarinus
https://inaturalist-open-data.s3.amazonaws.com/photos/145208326/medium.jpg,Salvia rosmarinus
https://inaturalist-open-data.s3.amazonaws.com/photos/145291084/medium.jpg,Salvia rosmarinus
https://inaturalist-open-data.s3.amazonaws.com/photos/145315470/medium.jpeg,Salvia rosmarinus
https://inaturalist-open-data.s3.amazonaws.com/photos/145351439/medium.jpeg,Salvia rosmarinus
https://inaturalist-open-data.s3.amazonaws.com/photos/145370854/medium.jpeg,Salvia rosmarinus
https://inaturalist-open-data.s3.amazonaws.com/photos/145413209/medium.jpeg,Salvia rosmarinus
https://inaturalist-open-data.s3.amazonaws.com/photos/145455606/medium.jpeg,Salvia rosmarinus
https://inaturalist-open-data.s3.amazonaws.com/photos/145634429/medium.jpeg,Salvia rosmarinus
https://inaturalist-open-data.s3.amazonaws.com/photos/145671336/medium.jpeg,Salvia rosmarinus
https://inaturalist-open-data.s3.amazonaws.com/photos/145692783/medium.jpg,Salvia rosmarinus
https://inaturalist-open-data.s3.amazonaws.com/photos/145809598/medium.jpeg,Salvia rosmarinus
https://inaturalist-open-data.s3.amazonaws.com/photos/145885965/medium.jpeg,Salvia rosmarinus
https://static.inaturalist.org/photos/146440130/medium.jpg,Salvia rosmarinus
https://inaturalist-open-data.s3.amazonaws.com/photos/146458568/medium.jpeg,Salvia rosmarinus
https://inaturalist-open-data.s3.amazonaws.com/photos/146463744/medium.jpg,Salvia rosmarinus
https://static.inaturalist.org/photos/146570850/medium.jpeg,Salvia rosmarinus
https://inaturalist-open-data.s3.amazonaws.com/photos/146764946/medium.jpeg,Salvia rosmarinus
https://static.inaturalist.org/photos/146797849/medium.jpeg,Salvia rosmarinus
https://static.inaturalist.org/photos/147045255/medium.jpeg,Salvia rosmarinus
https://inaturalist-open-data.s3.amazonaws.com/photos/147053102/medium.jpg,Salvia rosmarinus
https://inaturalist-open-data.s3.amazonaws.com/photos/147220290/medium.jpg,Salvia rosmarinus
https://static.inaturalist.org/photos/147270191/medium.jpg,Salvia rosmarinus
https://inaturalist-open-data.s3.amazonaws.com/photos/147284565/medium.jpeg,Salvia rosmarinus
https://static.inaturalist.org/photos/147291867/medium.jpeg,Salvia rosmarinus
https://inaturalist-open-data.s3.amazonaws.com/photos/147445083/medium.jpeg,Salvia rosmarinus
https://static.inaturalist.org/photos/147511493/medium.jpeg,Salvia rosmarinus
https://inaturalist-open-data.s3.amazonaws.com/photos/147618037/medium.jpg,Salvia rosmarinus
https://static.inaturalist.org/photos/147715782/medium.jpeg,Salvia rosmarinus
https://static.inaturalist.org/photos/147728199/medium.jpg,Salvia rosmarinus
https://static.inaturalist.org/photos/147747373/medium.jpeg,Salvia rosmarinus
https://static.inaturalist.org/photos/147814019/medium.jpg,Salvia rosmarinus
https://static.inaturalist.org/photos/147827792/medium.jpeg,Salvia rosmarinus
https://inaturalist-open-data.s3.amazonaws.com/photos/147844507/medium.jpeg,Salvia rosmarinus
https://static.inaturalist.org/photos/148012641/medium.jpg,Salvia rosmarinus
https://static.inaturalist.org/photos/148031287/medium.jpeg,Salvia rosmarinus
https://inaturalist-open-data.s3.amazonaws.com/photos/148044647/medium.jpeg,Salvia rosmarinus
https://inaturalist-open-data.s3.amazonaws.com/photos/148110020/medium.jpeg,Salvia rosmarinus
https://inaturalist-open-data.s3.amazonaws.com/photos/148119949/medium.jpeg,Salvia rosmarinus
https://inaturalist-open-data.s3.amazonaws.com/photos/148308268/medium.jpg,Salvia rosmarinus
https://inaturalist-open-data.s3.amazonaws.com/photos/148514082/medium.jpeg,Salvia rosmarinus
https://inaturalist-open-data.s3.amazonaws.com/photos/149296742/medium.jpeg,Salvia rosmarinus
https://inaturalist-open-data.s3.amazonaws.com/photos/149362461/medium.jpeg,Salvia rosmarinus
https://inaturalist-open-data.s3.amazonaws.com/photos/149609158/medium.jpeg,Salvia rosmarinus
https://inaturalist-open-data.s3.amazonaws.com/photos/149641404/medium.jpeg,Salvia rosmarinus
https://inaturalist-open-data.s3.amazonaws.com/photos/149809766/medium.jpg,Salvia rosmarinus
https://static.inaturalist.org/photos/149830845/medium.jpeg,Salvia rosmarinus
https://static.inaturalist.org/photos/149890252/medium.jpeg,Salvia rosmarinus
https://inaturalist-open-data.s3.amazonaws.com/photos/149907415/medium.jpg,Salvia rosmarinus
https://static.inaturalist.org/photos/150024371/medium.jpeg,Salvia rosmarinus
https://static.inaturalist.org/photos/150253188/medium.jpeg,Salvia rosmarinus
https://static.inaturalist.org/photos/150253557/medium.jpeg,Salvia rosmarinus
https://static.inaturalist.org/photos/150305843/medium.jpeg,Salvia rosmarinus
https://inaturalist-open-data.s3.amazonaws.com/photos/150608743/medium.jpeg,Salvia rosmarinus
https://inaturalist-open-data.s3.amazonaws.com/photos/150887838/medium.jpeg,Salvia rosmarinus
https://static.inaturalist.org/photos/150977450/medium.jpg,Salvia rosmarinus
https://inaturalist-open-data.s3.amazonaws.com/photos/151282868/medium.jpeg,Salvia rosmarinus
https://inaturalist-open-data.s3.amazonaws.com/photos/151396025/medium.jpeg,Salvia rosmarinus
https://static.inaturalist.org/photos/151448623/medium.jpg,Salvia rosmarinus
https://static.inaturalist.org/photos/151596636/medium.jpg,Salvia rosmarinus
https://inaturalist-open-data.s3.amazonaws.com/photos/151624630/medium.jpeg,Salvia rosmarinus
https://inaturalist-open-data.s3.amazonaws.com/photos/151626181/medium.jpeg,Salvia rosmarinus
https://inaturalist-open-data.s3.amazonaws.com/photos/151732546/medium.jpeg,Salvia rosmarinus
https://inaturalist-open-data.s3.amazonaws.com/photos/151771016/medium.jpg,Salvia rosmarinus
https://inaturalist-open-data.s3.amazonaws.com/photos/151811104/medium.jpg,Salvia rosmarinus
https://inaturalist-open-data.s3.amazonaws.com/photos/152877900/medium.jpeg,Salvia rosmarinus
https://static.inaturalist.org/photos/152034787/medium.jpeg,Salvia rosmarinus
https://inaturalist-open-data.s3.amazonaws.com/photos/152011098/medium.jpeg,Salvia rosmarinus
https://inaturalist-open-data.s3.amazonaws.com/photos/152031116/medium.jpg,Salvia rosmarinus
https://inaturalist-open-data.s3.amazonaws.com/photos/152153231/medium.jpeg,Salvia rosmarinus
https://inaturalist-open-data.s3.amazonaws.com/photos/152154757/medium.jpeg,Salvia rosmarinus
https://static.inaturalist.org/photos/152162406/medium.jpeg,Salvia rosmarinus
https://static.inaturalist.org/photos/152174656/medium.jpg,Salvia rosmarinus
https://inaturalist-open-data.s3.amazonaws.com/photos/152227360/medium.jpg,Salvia rosmarinus
https://inaturalist-open-data.s3.amazonaws.com/photos/152455255/medium.jpeg,Salvia rosmarinus
https://inaturalist-open-data.s3.amazonaws.com/photos/152681130/medium.jpeg,Salvia rosmarinus
https://inaturalist-open-data.s3.amazonaws.com/photos/152897923/medium.jpeg,Salvia rosmarinus
https://inaturalist-open-data.s3.amazonaws.com/photos/152926390/medium.jpg,Salvia rosmarinus
https://inaturalist-open-data.s3.amazonaws.com/photos/152937840/medium.jpg,Salvia rosmarinus
https://static.inaturalist.org/photos/152946574/medium.jpeg,Salvia rosmarinus
https://inaturalist-open-data.s3.amazonaws.com/photos/152981593/medium.jpg,Salvia rosmarinus
https://static.inaturalist.org/photos/153003233/medium.jpeg,Salvia rosmarinus
https://inaturalist-open-data.s3.amazonaws.com/photos/153022184/medium.jpg,Salvia rosmarinus
https://inaturalist-open-data.s3.amazonaws.com/photos/153179951/medium.jpeg,Salvia rosmarinus
https://static.inaturalist.org/photos/153196729/medium.jpeg,Salvia rosmarinus
https://inaturalist-open-data.s3.amazonaws.com/photos/153228487/medium.jpg,Salvia rosmarinus
https://inaturalist-open-data.s3.amazonaws.com/photos/153256140/medium.jpeg,Salvia rosmarinus
https://inaturalist-open-data.s3.amazonaws.com/photos/153271947/medium.jpeg,Salvia rosmarinus
https://inaturalist-open-data.s3.amazonaws.com/photos/153326412/medium.jpeg,Salvia rosmarinus
https://inaturalist-open-data.s3.amazonaws.com/photos/153450564/medium.jpg,Salvia rosmarinus
https://inaturalist-open-data.s3.amazonaws.com/photos/153487667/medium.jpeg,Salvia rosmarinus
https://inaturalist-open-data.s3.amazonaws.com/photos/153488700/medium.jpeg,Salvia rosmarinus
https://inaturalist-open-data.s3.amazonaws.com/photos/153502616/medium.jpeg,Salvia rosmarinus
https://inaturalist-open-data.s3.amazonaws.com/photos/153525101/medium.jpg,Salvia rosmarinus
https://inaturalist-open-data.s3.amazonaws.com/photos/153550843/medium.jpg,Salvia rosmarinus
https://inaturalist-open-data.s3.amazonaws.com/photos/153550867/medium.jpg,Salvia rosmarinus
https://inaturalist-open-data.s3.amazonaws.com/photos/153637271/medium.jpeg,Salvia rosmarinus
https://inaturalist-open-data.s3.amazonaws.com/photos/153863201/medium.jpg,Salvia rosmarinus
https://inaturalist-open-data.s3.amazonaws.com/photos/153903361/medium.jpeg,Salvia rosmarinus
https://static.inaturalist.org/photos/153958223/medium.jpeg,Salvia rosmarinus
https://static.inaturalist.org/photos/154016960/medium.jpeg,Salvia rosmarinus
https://inaturalist-open-data.s3.amazonaws.com/photos/154189221/medium.jpeg,Salvia rosmarinus
https://inaturalist-open-data.s3.amazonaws.com/photos/154189721/medium.jpeg,Salvia rosmarinus
https://static.inaturalist.org/photos/154216619/medium.jpeg,Salvia rosmarinus
https://inaturalist-open-data.s3.amazonaws.com/photos/154219638/medium.jpeg,Salvia rosmarinus
https://inaturalist-open-data.s3.amazonaws.com/photos/154609731/medium.jpeg,Salvia rosmarinus
https://inaturalist-open-data.s3.amazonaws.com/photos/154398023/medium.jpeg,Salvia rosmarinus
https://static.inaturalist.org/photos/154497234/medium.jpeg,Salvia rosmarinus
https://inaturalist-open-data.s3.amazonaws.com/photos/154545271/medium.jpeg,Salvia rosmarinus
https://inaturalist-open-data.s3.amazonaws.com/photos/154554280/medium.jpeg,Salvia rosmarinus
https://inaturalist-open-data.s3.amazonaws.com/photos/154558870/medium.jpeg,Salvia rosmarinus
https://inaturalist-open-data.s3.amazonaws.com/photos/154633080/medium.jpeg,Salvia rosmarinus
https://inaturalist-open-data.s3.amazonaws.com/photos/154781038/medium.jpeg,Salvia rosmarinus
https://inaturalist-open-data.s3.amazonaws.com/photos/154950921/medium.jpeg,Salvia rosmarinus
https://inaturalist-open-data.s3.amazonaws.com/photos/154971075/medium.jpeg,Salvia rosmarinus
https://inaturalist-open-data.s3.amazonaws.com/photos/154990688/medium.jpg,Salvia rosmarinus
https://inaturalist-open-data.s3.amazonaws.com/photos/154992642/medium.jpg,Salvia rosmarinus
https://inaturalist-open-data.s3.amazonaws.com/photos/154995477/medium.jpg,Salvia rosmarinus
https://static.inaturalist.org/photos/155061243/medium.jpeg,Salvia rosmarinus
https://static.inaturalist.org/photos/155082518/medium.jpeg,Salvia rosmarinus
https://inaturalist-open-data.s3.amazonaws.com/photos/155083033/medium.jpg,Salvia rosmarinus
https://static.inaturalist.org/photos/155089501/medium.jpeg,Salvia rosmarinus
https://static.inaturalist.org/photos/155115152/medium.jpeg,Salvia rosmarinus
https://inaturalist-open-data.s3.amazonaws.com/photos/155126723/medium.jpeg,Salvia rosmarinus
https://inaturalist-open-data.s3.amazonaws.com/photos/155133152/medium.jpg,Salvia rosmarinus
https://inaturalist-open-data.s3.amazonaws.com/photos/155288798/medium.jpeg,Salvia rosmarinus
https://static.inaturalist.org/photos/155328018/medium.jpeg,Salvia rosmarinus
https://inaturalist-open-data.s3.amazonaws.com/photos/155415037/medium.jpg,Salvia rosmarinus
https://inaturalist-open-data.s3.amazonaws.com/photos/155491913/medium.jpeg,Salvia rosmarinus
https://inaturalist-open-data.s3.amazonaws.com/photos/155525699/medium.jpeg,Salvia rosmarinus
https://inaturalist-open-data.s3.amazonaws.com/photos/155608851/medium.jpg,Salvia rosmarinus
https://static.inaturalist.org/photos/155815161/medium.jpeg,Salvia rosmarinus
https://inaturalist-open-data.s3.amazonaws.com/photos/155817532/medium.jpg,Salvia rosmarinus
https://inaturalist-open-data.s3.amazonaws.com/photos/155896415/medium.jpeg,Salvia rosmarinus
https://static.inaturalist.org/photos/155950351/medium.jpeg,Salvia rosmarinus
https://inaturalist-open-data.s3.amazonaws.com/photos/156041224/medium.jpeg,Salvia rosmarinus
https://inaturalist-open-data.s3.amazonaws.com/photos/156052553/medium.jpg,Salvia rosmarinus
https://static.inaturalist.org/photos/156054930/medium.jpeg,Salvia rosmarinus
https://static.inaturalist.org/photos/156061353/medium.jpeg,Salvia rosmarinus
https://static.inaturalist.org/photos/156149375/medium.jpg,Salvia rosmarinus
https://static.inaturalist.org/photos/156200898/medium.jpeg,Salvia rosmarinus
https://inaturalist-open-data.s3.amazonaws.com/photos/156232957/medium.jpeg,Salvia rosmarinus
https://inaturalist-open-data.s3.amazonaws.com/photos/156254472/medium.jpeg,Salvia rosmarinus
https://inaturalist-open-data.s3.amazonaws.com/photos/156258771/medium.jpeg,Salvia rosmarinus
https://inaturalist-open-data.s3.amazonaws.com/photos/156287507/medium.jpeg,Salvia rosmarinus
https://inaturalist-open-data.s3.amazonaws.com/photos/156335098/medium.jpeg,Salvia rosmarinus
https://inaturalist-open-data.s3.amazonaws.com/photos/156384445/medium.jpg,Salvia rosmarinus
https://static.inaturalist.org/photos/156429277/medium.jpeg,Salvia rosmarinus
https://static.inaturalist.org/photos/156597680/medium.jpeg,Salvia rosmarinus
https://static.inaturalist.org/photos/156627054/medium.jpeg,Salvia rosmarinus
https://static.inaturalist.org/photos/156630383/medium.jpeg,Salvia rosmarinus
https://inaturalist-open-data.s3.amazonaws.com/photos/156630489/medium.jpeg,Salvia rosmarinus
https://inaturalist-open-data.s3.amazonaws.com/photos/156630747/medium.jpeg,Salvia rosmarinus
https://inaturalist-open-data.s3.amazonaws.com/photos/156658549/medium.jpeg,Salvia rosmarinus
https://inaturalist-open-data.s3.amazonaws.com/photos/156782399/medium.jpg,Salvia rosmarinus
https://inaturalist-open-data.s3.amazonaws.com/photos/156900146/medium.jpeg,Salvia rosmarinus
https://static.inaturalist.org/photos/156972207/medium.jpg,Salvia rosmarinus
https://inaturalist-open-data.s3.amazonaws.com/photos/156991115/medium.png,Cadeguala occidentalis
https://static.inaturalist.org/photos/157151268/medium.jpg,Salvia rosmarinus
https://inaturalist-open-data.s3.amazonaws.com/photos/157159913/medium.jpeg,Salvia rosmarinus
https://inaturalist-open-data.s3.amazonaws.com/photos/157251403/medium.jpeg,Salvia rosmarinus
https://inaturalist-open-data.s3.amazonaws.com/photos/157938188/medium.jpg,Salvia rosmarinus
https://inaturalist-open-data.s3.amazonaws.com/photos/157411109/medium.jpg,Salvia rosmarinus
https://inaturalist-open-data.s3.amazonaws.com/photos/157618495/medium.jpg,Salvia rosmarinus
https://inaturalist-open-data.s3.amazonaws.com/photos/157632500/medium.jpg,Salvia rosmarinus
https://static.inaturalist.org/photos/157736016/medium.jpeg,Salvia rosmarinus
https://static.inaturalist.org/photos/157876563/medium.jpg,Salvia rosmarinus
https://inaturalist-open-data.s3.amazonaws.com/photos/157902254/medium.jpeg,Salvia rosmarinus
https://inaturalist-open-data.s3.amazonaws.com/photos/158219048/medium.jpeg,Salvia rosmarinus
https://static.inaturalist.org/photos/158310157/medium.jpg,Salvia rosmarinus
https://inaturalist-open-data.s3.amazonaws.com/photos/158355129/medium.jpeg,Salvia rosmarinus
https://inaturalist-open-data.s3.amazonaws.com/photos/158380029/medium.jpeg,Salvia rosmarinus
https://inaturalist-open-data.s3.amazonaws.com/photos/158382140/medium.jpeg,Salvia rosmarinus
https://inaturalist-open-data.s3.amazonaws.com/photos/158388911/medium.jpeg,Salvia rosmarinus
https://inaturalist-open-data.s3.amazonaws.com/photos/158394984/medium.jpeg,Salvia rosmarinus
https://static.inaturalist.org/photos/158566685/medium.jpg,Salvia rosmarinus
https://static.inaturalist.org/photos/158596658/medium.jpeg,Salvia rosmarinus
https://inaturalist-open-data.s3.amazonaws.com/photos/158617988/medium.jpeg,Salvia rosmarinus
https://inaturalist-open-data.s3.amazonaws.com/photos/158659478/medium.jpeg,Salvia rosmarinus
https://inaturalist-open-data.s3.amazonaws.com/photos/158802594/medium.jpg,Salvia rosmarinus
https://static.inaturalist.org/photos/158802677/medium.jpeg,Salvia rosmarinus
https://inaturalist-open-data.s3.amazonaws.com/photos/158807237/medium.jpeg,Salvia rosmarinus
https://static.inaturalist.org/photos/158812692/medium.jpeg,Salvia rosmarinus
https://inaturalist-open-data.s3.amazonaws.com/photos/158834414/medium.jpeg,Salvia rosmarinus
https://inaturalist-open-data.s3.amazonaws.com/photos/158890590/medium.jpeg,Salvia rosmarinus
https://inaturalist-open-data.s3.amazonaws.com/photos/158963594/medium.jpg,Salvia rosmarinus
https://static.inaturalist.org/photos/158972885/medium.jpg,Salvia rosmarinus
https://static.inaturalist.org/photos/158977611/medium.jpeg,Salvia rosmarinus
https://inaturalist-open-data.s3.amazonaws.com/photos/158981951/medium.jpg,Salvia rosmarinus
https://inaturalist-open-data.s3.amazonaws.com/photos/159021740/medium.jpg,Salvia rosmarinus
https://inaturalist-open-data.s3.amazonaws.com/photos/159078814/medium.jpg,Salvia rosmarinus
https://inaturalist-open-data.s3.amazonaws.com/photos/159078824/medium.jpg,Salvia rosmarinus
https://inaturalist-open-data.s3.amazonaws.com/photos/159078849/medium.jpg,Salvia rosmarinus
https://inaturalist-open-data.s3.amazonaws.com/photos/159078877/medium.jpg,Salvia rosmarinus
https://inaturalist-open-data.s3.amazonaws.com/photos/159137865/medium.jpg,Salvia rosmarinus
https://static.inaturalist.org/photos/159155268/medium.jpeg,Salvia rosmarinus
https://inaturalist-open-data.s3.amazonaws.com/photos/159202211/medium.jpeg,Salvia rosmarinus
https://inaturalist-open-data.s3.amazonaws.com/photos/159335632/medium.jpg,Salvia rosmarinus
https://inaturalist-open-data.s3.amazonaws.com/photos/159387592/medium.jpeg,Salvia rosmarinus
https://inaturalist-open-data.s3.amazonaws.com/photos/159386596/medium.jpeg,Salvia rosmarinus
https://inaturalist-open-data.s3.amazonaws.com/photos/159395394/medium.jpeg,Salvia rosmarinus
https://inaturalist-open-data.s3.amazonaws.com/photos/159397126/medium.jpg,Salvia rosmarinus
https://static.inaturalist.org/photos/159419930/medium.jpeg,Salvia rosmarinus
https://inaturalist-open-data.s3.amazonaws.com/photos/159429364/medium.jpg,Salvia rosmarinus
https://inaturalist-open-data.s3.amazonaws.com/photos/159439355/medium.jpg,Salvia rosmarinus
https://inaturalist-open-data.s3.amazonaws.com/photos/159460682/medium.jpg,Salvia rosmarinus
https://inaturalist-open-data.s3.amazonaws.com/photos/159460714/medium.jpg,Salvia rosmarinus
https://inaturalist-open-data.s3.amazonaws.com/photos/159461046/medium.jpg,Salvia rosmarinus
https://static.inaturalist.org/photos/159486403/medium.jpeg,Salvia rosmarinus
https://inaturalist-open-data.s3.amazonaws.com/photos/159587033/medium.png,Chilicola curvapeligrosa
https://static.inaturalist.org/photos/159597912/medium.jpeg,Salvia rosmarinus
https://inaturalist-open-data.s3.amazonaws.com/photos/159638089/medium.jpeg,Salvia rosmarinus
https://static.inaturalist.org/photos/159636912/medium.jpeg,Salvia rosmarinus
https://inaturalist-open-data.s3.amazonaws.com/photos/159644567/medium.jpg,Salvia rosmarinus
https://inaturalist-open-data.s3.amazonaws.com/photos/159679218/medium.jpeg,Salvia rosmarinus
https://inaturalist-open-data.s3.amazonaws.com/photos/159680031/medium.jpg,Salvia rosmarinus
https://static.inaturalist.org/photos/159806142/medium.jpg,Salvia rosmarinus
https://inaturalist-open-data.s3.amazonaws.com/photos/159846232/medium.jpeg,Salvia rosmarinus
https://inaturalist-open-data.s3.amazonaws.com/photos/159903336/medium.jpg,Salvia rosmarinus
https://inaturalist-open-data.s3.amazonaws.com/photos/159903532/medium.jpg,Salvia rosmarinus
https://static.inaturalist.org/photos/160008198/medium.jpeg,Salvia rosmarinus
https://inaturalist-open-data.s3.amazonaws.com/photos/160044881/medium.jpeg,Salvia rosmarinus
https://inaturalist-open-data.s3.amazonaws.com/photos/160053784/medium.jpeg,Salvia rosmarinus
https://inaturalist-open-data.s3.amazonaws.com/photos/160152136/medium.jpeg,Salvia rosmarinus
https://static.inaturalist.org/photos/160170944/medium.jpg,Salvia rosmarinus
https://static.inaturalist.org/photos/160265351/medium.jpg,Salvia rosmarinus
https://static.inaturalist.org/photos/160265456/medium.jpg,Salvia rosmarinus
https://static.inaturalist.org/photos/160287745/medium.jpeg,Salvia rosmarinus
https://inaturalist-open-data.s3.amazonaws.com/photos/160321930/medium.jpeg,Salvia rosmarinus
https://inaturalist-open-data.s3.amazonaws.com/photos/160342825/medium.jpeg,Salvia rosmarinus
https://inaturalist-open-data.s3.amazonaws.com/photos/160440405/medium.jpeg,Salvia rosmarinus
https://inaturalist-open-data.s3.amazonaws.com/photos/160452039/medium.jpeg,Salvia rosmarinus
https://inaturalist-open-data.s3.amazonaws.com/photos/161248249/medium.jpeg,Salvia rosmarinus
https://static.inaturalist.org/photos/160475465/medium.jpeg,Salvia rosmarinus
https://static.inaturalist.org/photos/160538332/medium.jpg,Platycranus erberi
https://inaturalist-open-data.s3.amazonaws.com/photos/160630173/medium.jpg,Salvia rosmarinus
https://inaturalist-open-data.s3.amazonaws.com/photos/160653151/medium.jpg,Salvia rosmarinus
https://inaturalist-open-data.s3.amazonaws.com/photos/160741936/medium.jpg,Salvia rosmarinus
https://inaturalist-open-data.s3.amazonaws.com/photos/160809566/medium.jpg,Salvia rosmarinus
https://inaturalist-open-data.s3.amazonaws.com/photos/160979796/medium.jpg,Salvia rosmarinus
https://inaturalist-open-data.s3.amazonaws.com/photos/161077587/medium.jpg,Salvia rosmarinus
https://inaturalist-open-data.s3.amazonaws.com/photos/161090530/medium.jpg,Salvia rosmarinus
https://inaturalist-open-data.s3.amazonaws.com/photos/161087501/medium.jpeg,Salvia rosmarinus
https://inaturalist-open-data.s3.amazonaws.com/photos/161208585/medium.jpeg,Salvia rosmarinus
https://static.inaturalist.org/photos/161216106/medium.jpeg,Salvia rosmarinus
https://inaturalist-open-data.s3.amazonaws.com/photos/161224116/medium.jpg,Salvia rosmarinus
https://static.inaturalist.org/photos/161488005/medium.jpg,Salvia rosmarinus
https://static.inaturalist.org/photos/161554577/medium.jpg,Salvia rosmarinus
https://static.inaturalist.org/photos/161589409/medium.jpeg,Salvia rosmarinus
https://static.inaturalist.org/photos/161596080/medium.jpeg,Salvia rosmarinus
https://inaturalist-open-data.s3.amazonaws.com/photos/161713906/medium.jpeg,Salvia rosmarinus
https://inaturalist-open-data.s3.amazonaws.com/photos/161879257/medium.jpg,Salvia rosmarinus
https://inaturalist-open-data.s3.amazonaws.com/photos/162234724/medium.jpeg,Salvia rosmarinus
https://inaturalist-open-data.s3.amazonaws.com/photos/161902571/medium.jpeg,Salvia rosmarinus
https://static.inaturalist.org/photos/162056433/medium.jpeg,Salvia rosmarinus
https://static.inaturalist.org/photos/162057441/medium.jpeg,Salvia rosmarinus
https://inaturalist-open-data.s3.amazonaws.com/photos/162101786/medium.jpg,Salvia rosmarinus
https://static.inaturalist.org/photos/162221627/medium.jpeg,Salvia rosmarinus
https://static.inaturalist.org/photos/162226783/medium.jpeg,Salvia rosmarinus
https://inaturalist-open-data.s3.amazonaws.com/photos/162248416/medium.jpeg,Salvia rosmarinus
https://static.inaturalist.org/photos/162309809/medium.jpeg,Salvia rosmarinus
https://inaturalist-open-data.s3.amazonaws.com/photos/162479765/medium.jpeg,Salvia rosmarinus
https://static.inaturalist.org/photos/162502549/medium.jpeg,Salvia rosmarinus
https://inaturalist-open-data.s3.amazonaws.com/photos/162515525/medium.jpeg,Salvia rosmarinus
https://inaturalist-open-data.s3.amazonaws.com/photos/162618009/medium.jpeg,Salvia rosmarinus
https://inaturalist-open-data.s3.amazonaws.com/photos/162630314/medium.jpeg,Salvia rosmarinus
https://inaturalist-open-data.s3.amazonaws.com/photos/162636711/medium.jpg,Salvia rosmarinus
https://inaturalist-open-data.s3.amazonaws.com/photos/162650957/medium.jpeg,Salvia rosmarinus
https://inaturalist-open-data.s3.amazonaws.com/photos/162674258/medium.jpg,Salvia rosmarinus
https://static.inaturalist.org/photos/162695922/medium.jpg,Salvia rosmarinus
https://static.inaturalist.org/photos/162766651/medium.jpeg,Salvia rosmarinus
https://inaturalist-open-data.s3.amazonaws.com/photos/162851884/medium.jpeg,Salvia rosmarinus
https://inaturalist-open-data.s3.amazonaws.com/photos/162892285/medium.jpg,Salvia rosmarinus
https://inaturalist-open-data.s3.amazonaws.com/photos/162900222/medium.jpg,Salvia rosmarinus
https://static.inaturalist.org/photos/162920777/medium.jpeg,Salvia rosmarinus
https://static.inaturalist.org/photos/162977423/medium.jpeg,Salvia rosmarinus
https://inaturalist-open-data.s3.amazonaws.com/photos/162980727/medium.jpeg,Salvia rosmarinus
https://inaturalist-open-data.s3.amazonaws.com/photos/163052628/medium.jpeg,Salvia rosmarinus
https://inaturalist-open-data.s3.amazonaws.com/photos/163068583/medium.jpg,Salvia rosmarinus
https://inaturalist-open-data.s3.amazonaws.com/photos/163071755/medium.jpg,Salvia rosmarinus
https://inaturalist-open-data.s3.amazonaws.com/photos/163143673/medium.jpeg,Salvia rosmarinus
https://inaturalist-open-data.s3.amazonaws.com/photos/163151610/medium.jpg,Salvia rosmarinus
https://static.inaturalist.org/photos/163256229/medium.jpg,Salvia rosmarinus
https://static.inaturalist.org/photos/163260955/medium.jpg,Salvia rosmarinus
https://inaturalist-open-data.s3.amazonaws.com/photos/163392515/medium.jpeg,Salvia rosmarinus
https://inaturalist-open-data.s3.amazonaws.com/photos/163409814/medium.jpeg,Salvia rosmarinus
https://static.inaturalist.org/photos/163417876/medium.jpeg,Salvia rosmarinus
https://inaturalist-open-data.s3.amazonaws.com/photos/163419482/medium.jpeg,Salvia rosmarinus
https://inaturalist-open-data.s3.amazonaws.com/photos/163423550/medium.jpg,Salvia rosmarinus
https://inaturalist-open-data.s3.amazonaws.com/photos/163451142/medium.jpeg,Salvia rosmarinus
https://inaturalist-open-data.s3.amazonaws.com/photos/163569080/medium.jpg,Salvia rosmarinus
https://static.inaturalist.org/photos/163572174/medium.jpg,Salvia rosmarinus
https://static.inaturalist.org/photos/163581177/medium.jpeg,Salvia rosmarinus
https://inaturalist-open-data.s3.amazonaws.com/photos/163602850/medium.jpeg,Salvia rosmarinus
https://inaturalist-open-data.s3.amazonaws.com/photos/163692933/medium.jpg,Salvia rosmarinus
https://inaturalist-open-data.s3.amazonaws.com/photos/163778044/medium.jpeg,Salvia rosmarinus
https://inaturalist-open-data.s3.amazonaws.com/photos/163809501/medium.jpeg,Salvia rosmarinus
https://inaturalist-open-data.s3.amazonaws.com/photos/163825202/medium.jpg,Salvia rosmarinus
https://static.inaturalist.org/photos/163890651/medium.jpeg,Salvia rosmarinus
https://inaturalist-open-data.s3.amazonaws.com/photos/163946761/medium.jpg,Salvia rosmarinus
https://inaturalist-open-data.s3.amazonaws.com/photos/163966101/medium.jpeg,Salvia rosmarinus
https://static.inaturalist.org/photos/163976394/medium.jpeg,Salvia rosmarinus
https://inaturalist-open-data.s3.amazonaws.com/photos/163978748/medium.jpeg,Salvia rosmarinus
https://inaturalist-open-data.s3.amazonaws.com/photos/163981725/medium.jpeg,Salvia rosmarinus
https://inaturalist-open-data.s3.amazonaws.com/photos/163989029/medium.jpeg,Salvia rosmarinus
https://inaturalist-open-data.s3.amazonaws.com/photos/164016959/medium.jpeg,Salvia rosmarinus
https://inaturalist-open-data.s3.amazonaws.com/photos/164076111/medium.jpg,Salvia rosmarinus
https://inaturalist-open-data.s3.amazonaws.com/photos/164176323/medium.jpg,Salvia rosmarinus
https://inaturalist-open-data.s3.amazonaws.com/photos/164179362/medium.jpg,Salvia rosmarinus
https://inaturalist-open-data.s3.amazonaws.com/photos/164182513/medium.jpg,Salvia rosmarinus
https://inaturalist-open-data.s3.amazonaws.com/photos/164194941/medium.jpg,Salvia rosmarinus
https://inaturalist-open-data.s3.amazonaws.com/photos/164356287/medium.jpg,Salvia rosmarinus
https://inaturalist-open-data.s3.amazonaws.com/photos/164369963/medium.jpeg,Salvia rosmarinus
https://static.inaturalist.org/photos/164380025/medium.jpeg,Salvia rosmarinus
https://inaturalist-open-data.s3.amazonaws.com/photos/164399704/medium.jpeg,Salvia rosmarinus
https://static.inaturalist.org/photos/164418725/medium.jpeg,Salvia rosmarinus
https://static.inaturalist.org/photos/164528772/medium.jpeg,Salvia rosmarinus
https://inaturalist-open-data.s3.amazonaws.com/photos/164529805/medium.jpeg,Salvia rosmarinus
https://static.inaturalist.org/photos/164533956/medium.jpeg,Salvia rosmarinus
https://inaturalist-open-data.s3.amazonaws.com/photos/164534699/medium.jpg,Salvia rosmarinus
https://static.inaturalist.org/photos/164534740/medium.jpeg,Salvia rosmarinus
https://static.inaturalist.org/photos/164542889/medium.jpeg,Salvia rosmarinus
https://inaturalist-open-data.s3.amazonaws.com/photos/164556359/medium.jpg,Salvia rosmarinus
https://inaturalist-open-data.s3.amazonaws.com/photos/164595134/medium.jpeg,Salvia rosmarinus
https://inaturalist-open-data.s3.amazonaws.com/photos/164593834/medium.jpeg,Salvia rosmarinus
https://inaturalist-open-data.s3.amazonaws.com/photos/164594032/medium.jpeg,Salvia rosmarinus
https://static.inaturalist.org/photos/164599695/medium.jpeg,Salvia rosmarinus
https://static.inaturalist.org/photos/164684777/medium.jpg,Salvia rosmarinus
https://inaturalist-open-data.s3.amazonaws.com/photos/164697540/medium.jpeg,Salvia rosmarinus
https://inaturalist-open-data.s3.amazonaws.com/photos/164702744/medium.jpeg,Salvia rosmarinus
https://inaturalist-open-data.s3.amazonaws.com/photos/164714805/medium.jpeg,Salvia rosmarinus
https://inaturalist-open-data.s3.amazonaws.com/photos/164743027/medium.jpeg,Salvia rosmarinus
https://inaturalist-open-data.s3.amazonaws.com/photos/164770657/medium.jpg,Salvia rosmarinus
https://inaturalist-open-data.s3.amazonaws.com/photos/164770824/medium.jpg,Salvia rosmarinus
https://inaturalist-open-data.s3.amazonaws.com/photos/164869241/medium.jpeg,Salvia rosmarinus
https://inaturalist-open-data.s3.amazonaws.com/photos/164875863/medium.jpg,Salvia rosmarinus
https://static.inaturalist.org/photos/164879101/medium.jpeg,Salvia rosmarinus
https://static.inaturalist.org/photos/164905608/medium.jpeg,Salvia rosmarinus
https://inaturalist-open-data.s3.amazonaws.com/photos/164908986/medium.jpg,Salvia rosmarinus
https://static.inaturalist.org/photos/164912272/medium.jpeg,Salvia rosmarinus
https://inaturalist-open-data.s3.amazonaws.com/photos/165282655/medium.jpg,Salvia rosmarinus
https://inaturalist-open-data.s3.amazonaws.com/photos/164985138/medium.jpeg,Salvia rosmarinus
https://inaturalist-open-data.s3.amazonaws.com/photos/164994428/medium.jpg,Salvia rosmarinus
https://inaturalist-open-data.s3.amazonaws.com/photos/165051852/medium.jpg,Salvia rosmarinus
https://inaturalist-open-data.s3.amazonaws.com/photos/165070110/medium.jpg,Salvia rosmarinus
https://inaturalist-open-data.s3.amazonaws.com/photos/165118329/medium.jpeg,Salvia rosmarinus
https://static.inaturalist.org/photos/165155206/medium.jpeg,Salvia rosmarinus
https://inaturalist-open-data.s3.amazonaws.com/photos/165157371/medium.jpeg,Salvia rosmarinus
https://inaturalist-open-data.s3.amazonaws.com/photos/165166365/medium.jpg,Salvia rosmarinus
https://inaturalist-open-data.s3.amazonaws.com/photos/165242136/medium.jpeg,Salvia rosmarinus
https://inaturalist-open-data.s3.amazonaws.com/photos/165304026/medium.jpeg,Salvia rosmarinus
https://inaturalist-open-data.s3.amazonaws.com/photos/165304695/medium.jpg,Salvia rosmarinus
https://static.inaturalist.org/photos/165318558/medium.jpg,Salvia rosmarinus
https://static.inaturalist.org/photos/165338200/medium.jpeg,Salvia rosmarinus
https://static.inaturalist.org/photos/165365404/medium.jpeg,Salvia rosmarinus
https://inaturalist-open-data.s3.amazonaws.com/photos/165379845/medium.jpeg,Salvia rosmarinus
https://static.inaturalist.org/photos/165452359/medium.jpeg,Salvia rosmarinus
https://static.inaturalist.org/photos/165454061/medium.jpg,Salvia rosmarinus
https://inaturalist-open-data.s3.amazonaws.com/photos/165462950/medium.jpg,Salvia rosmarinus
https://inaturalist-open-data.s3.amazonaws.com/photos/165462961/medium.jpg,Salvia rosmarinus
https://inaturalist-open-data.s3.amazonaws.com/photos/165463002/medium.jpg,Salvia rosmarinus
https://inaturalist-open-data.s3.amazonaws.com/photos/165463028/medium.jpg,Salvia rosmarinus
https://inaturalist-open-data.s3.amazonaws.com/photos/165463908/medium.jpg,Salvia rosmarinus
https://inaturalist-open-data.s3.amazonaws.com/photos/165463926/medium.jpg,Salvia rosmarinus
https://inaturalist-open-data.s3.amazonaws.com/photos/165464072/medium.jpg,Salvia rosmarinus
https://inaturalist-open-data.s3.amazonaws.com/photos/165464131/medium.jpg,Salvia rosmarinus
https://inaturalist-open-data.s3.amazonaws.com/photos/165757562/medium.jpeg,Salvia rosmarinus
https://inaturalist-open-data.s3.amazonaws.com/photos/165850802/medium.jpeg,Salvia rosmarinus
https://inaturalist-open-data.s3.amazonaws.com/photos/166972092/medium.jpeg,Salvia rosmarinus
https://inaturalist-open-data.s3.amazonaws.com/photos/165977167/medium.jpeg,Salvia rosmarinus
https://inaturalist-open-data.s3.amazonaws.com/photos/166001640/medium.jpg,Salvia rosmarinus
https://inaturalist-open-data.s3.amazonaws.com/photos/166028191/medium.jpg,Salvia rosmarinus
https://static.inaturalist.org/photos/166133852/medium.jpeg,Salvia rosmarinus
https://inaturalist-open-data.s3.amazonaws.com/photos/166146233/medium.jpeg,Salvia rosmarinus
https://static.inaturalist.org/photos/166157317/medium.jpeg,Salvia rosmarinus
https://static.inaturalist.org/photos/166249679/medium.jpeg,Salvia rosmarinus
https://inaturalist-open-data.s3.amazonaws.com/photos/166250046/medium.jpg,Salvia rosmarinus
https://static.inaturalist.org/photos/166250718/medium.jpg,Salvia rosmarinus
https://inaturalist-open-data.s3.amazonaws.com/photos/166250856/medium.jpg,Salvia rosmarinus
https://static.inaturalist.org/photos/166251013/medium.jpeg,Salvia rosmarinus
https://static.inaturalist.org/photos/166270636/medium.jpeg,Salvia rosmarinus
https://inaturalist-open-data.s3.amazonaws.com/photos/166570481/medium.jpeg,Salvia rosmarinus
https://inaturalist-open-data.s3.amazonaws.com/photos/166606980/medium.jpeg,Salvia rosmarinus
https://inaturalist-open-data.s3.amazonaws.com/photos/166775955/medium.jpeg,Salvia rosmarinus
https://static.inaturalist.org/photos/166778749/medium.jpg,Salvia rosmarinus
https://inaturalist-open-data.s3.amazonaws.com/photos/166799406/medium.jpeg,Salvia rosmarinus
https://inaturalist-open-data.s3.amazonaws.com/photos/166806340/medium.jpg,Salvia rosmarinus
https://inaturalist-open-data.s3.amazonaws.com/photos/166947200/medium.jpeg,Salvia rosmarinus
https://inaturalist-open-data.s3.amazonaws.com/photos/167003827/medium.jpeg,Salvia rosmarinus
https://inaturalist-open-data.s3.amazonaws.com/photos/167009779/medium.jpg,Salvia rosmarinus
https://static.inaturalist.org/photos/167086280/medium.jpeg,Salvia rosmarinus
https://inaturalist-open-data.s3.amazonaws.com/photos/167167809/medium.jpeg,Salvia rosmarinus
https://inaturalist-open-data.s3.amazonaws.com/photos/167259335/medium.jpeg,Salvia rosmarinus
https://inaturalist-open-data.s3.amazonaws.com/photos/167297010/medium.jpg,Salvia rosmarinus
https://inaturalist-open-data.s3.amazonaws.com/photos/167297026/medium.jpg,Salvia rosmarinus
https://inaturalist-open-data.s3.amazonaws.com/photos/167326439/medium.jpg,Salvia rosmarinus
https://inaturalist-open-data.s3.amazonaws.com/photos/167332123/medium.jpg,Salvia rosmarinus
https://inaturalist-open-data.s3.amazonaws.com/photos/167332211/medium.jpg,Salvia rosmarinus
https://inaturalist-open-data.s3.amazonaws.com/photos/167462893/medium.jpeg,Salvia rosmarinus
https://inaturalist-open-data.s3.amazonaws.com/photos/167487393/medium.jpg,Salvia rosmarinus
https://inaturalist-open-data.s3.amazonaws.com/photos/167523265/medium.jpeg,Salvia rosmarinus
https://inaturalist-open-data.s3.amazonaws.com/photos/167541125/medium.jpeg,Salvia rosmarinus
https://inaturalist-open-data.s3.amazonaws.com/photos/167608144/medium.jpeg,Salvia rosmarinus
https://inaturalist-open-data.s3.amazonaws.com/photos/167707829/medium.jpeg,Salvia rosmarinus
https://inaturalist-open-data.s3.amazonaws.com/photos/167715958/medium.jpeg,Salvia rosmarinus
https://static.inaturalist.org/photos/167748461/medium.jpg,Salvia rosmarinus
https://inaturalist-open-data.s3.amazonaws.com/photos/167774640/medium.jpeg,Salvia rosmarinus
https://inaturalist-open-data.s3.amazonaws.com/photos/167798971/medium.jpeg,Salvia rosmarinus
https://inaturalist-open-data.s3.amazonaws.com/photos/167805826/medium.jpg,Salvia rosmarinus
https://inaturalist-open-data.s3.amazonaws.com/photos/167827277/medium.jpeg,Salvia rosmarinus
https://static.inaturalist.org/photos/167938629/medium.jpeg,Salvia rosmarinus
https://inaturalist-open-data.s3.amazonaws.com/photos/167939801/medium.jpg,Salvia rosmarinus
https://inaturalist-open-data.s3.amazonaws.com/photos/167952100/medium.jpg,Salvia rosmarinus
https://static.inaturalist.org/photos/167955898/medium.jpg,Salvia rosmarinus
https://inaturalist-open-data.s3.amazonaws.com/photos/167998705/medium.jpg,Salvia rosmarinus
https://inaturalist-open-data.s3.amazonaws.com/photos/168046536/medium.jpeg,Salvia rosmarinus
https://inaturalist-open-data.s3.amazonaws.com/photos/168086453/medium.jpeg,Salvia rosmarinus
https://inaturalist-open-data.s3.amazonaws.com/photos/168102096/medium.jpeg,Salvia rosmarinus
https://static.inaturalist.org/photos/168108069/medium.jpeg,Salvia rosmarinus
https://inaturalist-open-data.s3.amazonaws.com/photos/168120919/medium.jpeg,Salvia rosmarinus
https://static.inaturalist.org/photos/168247067/medium.jpeg,Salvia rosmarinus
https://inaturalist-open-data.s3.amazonaws.com/photos/168296893/medium.jpg,Salvia rosmarinus
https://inaturalist-open-data.s3.amazonaws.com/photos/168360160/medium.jpg,Salvia rosmarinus
https://inaturalist-open-data.s3.amazonaws.com/photos/168487089/medium.jpeg,Salvia rosmarinus
https://inaturalist-open-data.s3.amazonaws.com/photos/168492178/medium.jpeg,Salvia rosmarinus
https://inaturalist-open-data.s3.amazonaws.com/photos/168549672/medium.jpg,Salvia rosmarinus
https://inaturalist-open-data.s3.amazonaws.com/photos/168549541/medium.jpg,Salvia rosmarinus
https://inaturalist-open-data.s3.amazonaws.com/photos/168568039/medium.jpg,Salvia rosmarinus
https://inaturalist-open-data.s3.amazonaws.com/photos/168642475/medium.jpeg,Salvia rosmarinus
https://inaturalist-open-data.s3.amazonaws.com/photos/168778904/medium.jpeg,Salvia rosmarinus
https://inaturalist-open-data.s3.amazonaws.com/photos/168834928/medium.jpeg,Salvia rosmarinus
https://static.inaturalist.org/photos/168841074/medium.jpeg,Salvia rosmarinus
https://inaturalist-open-data.s3.amazonaws.com/photos/168848749/medium.gif,Salvia rosmarinus
https://static.inaturalist.org/photos/168953891/medium.jpg,Salvia rosmarinus
https://inaturalist-open-data.s3.amazonaws.com/photos/169079955/medium.jpg,Salvia rosmarinus
https://static.inaturalist.org/photos/169225232/medium.jpeg,Salvia rosmarinus
https://inaturalist-open-data.s3.amazonaws.com/photos/169227841/medium.jpeg,Salvia rosmarinus
https://inaturalist-open-data.s3.amazonaws.com/photos/169253378/medium.jpg,Salvia rosmarinus
https://static.inaturalist.org/photos/169258110/medium.jpeg,Salvia rosmarinus
https://static.inaturalist.org/photos/169290560/medium.jpeg,Salvia rosmarinus
https://static.inaturalist.org/photos/169291524/medium.jpeg,Salvia rosmarinus
https://static.inaturalist.org/photos/169293168/medium.jpeg,Salvia rosmarinus
https://static.inaturalist.org/photos/169293533/medium.jpeg,Salvia rosmarinus
https://static.inaturalist.org/photos/169298298/medium.jpeg,Salvia rosmarinus
https://static.inaturalist.org/photos/169298955/medium.jpeg,Salvia rosmarinus
https://static.inaturalist.org/photos/169301985/medium.jpeg,Salvia rosmarinus
https://inaturalist-open-data.s3.amazonaws.com/photos/169356936/medium.jpg,Salvia rosmarinus
https://inaturalist-open-data.s3.amazonaws.com/photos/169381838/medium.jpg,Salvia rosmarinus
https://static.inaturalist.org/photos/169434354/medium.jpeg,Tulostoma brumale
https://static.inaturalist.org/photos/169434407/medium.jpeg,Astraeus telleriae
https://static.inaturalist.org/photos/169436155/medium.jpeg,Cerioporus meridionalis
https://inaturalist-open-data.s3.amazonaws.com/photos/169441541/medium.jpg,Salvia rosmarinus
https://inaturalist-open-data.s3.amazonaws.com/photos/169461027/medium.jpg,Salvia rosmarinus
https://inaturalist-open-data.s3.amazonaws.com/photos/169518859/medium.jpg,Salvia rosmarinus
https://inaturalist-open-data.s3.amazonaws.com/photos/169973668/medium.jpg,Salvia rosmarinus
https://static.inaturalist.org/photos/169986409/medium.jpeg,Salvia rosmarinus
https://inaturalist-open-data.s3.amazonaws.com/photos/170068956/medium.jpeg,Salvia rosmarinus
https://inaturalist-open-data.s3.amazonaws.com/photos/170120416/medium.jpeg,Cartodere nodifer
https://inaturalist-open-data.s3.amazonaws.com/photos/170254517/medium.jpg,Salvia rosmarinus
https://inaturalist-open-data.s3.amazonaws.com/photos/170298517/medium.jpeg,Salvia rosmarinus
https://inaturalist-open-data.s3.amazonaws.com/photos/170354052/medium.jpg,Salvia rosmarinus
https://static.inaturalist.org/photos/170360036/medium.jpeg,Salvia rosmarinus
https://static.inaturalist.org/photos/170421599/medium.jpeg,Salvia rosmarinus
https://static.inaturalist.org/photos/170431074/medium.jpeg,Salvia rosmarinus
https://inaturalist-open-data.s3.amazonaws.com/photos/170439443/medium.jpg,Salvia rosmarinus
https://inaturalist-open-data.s3.amazonaws.com/photos/170452684/medium.jpg,Salvia rosmarinus
https://inaturalist-open-data.s3.amazonaws.com/photos/170451165/medium.jpeg,Salvia rosmarinus
https://static.inaturalist.org/photos/170460076/medium.jpeg,Salvia rosmarinus
https://inaturalist-open-data.s3.amazonaws.com/photos/170464656/medium.jpeg,Salvia rosmarinus
https://static.inaturalist.org/photos/170478431/medium.jpg,Salvia rosmarinus
https://inaturalist-open-data.s3.amazonaws.com/photos/170547715/medium.jpg,Salvia rosmarinus
https://static.inaturalist.org/photos/170570145/medium.jpeg,Salvia rosmarinus
https://static.inaturalist.org/photos/170586684/medium.jpeg,Salvia rosmarinus
https://static.inaturalist.org/photos/170589738/medium.jpeg,Salvia rosmarinus
https://static.inaturalist.org/photos/170595883/medium.jpeg,Salvia rosmarinus
https://static.inaturalist.org/photos/170596037/medium.jpeg,Salvia rosmarinus
https://static.inaturalist.org/photos/170596117/medium.jpeg,Salvia rosmarinus
https://static.inaturalist.org/photos/170596614/medium.jpeg,Salvia rosmarinus
https://inaturalist-open-data.s3.amazonaws.com/photos/170610597/medium.jpeg,Salvia rosmarinus
https://inaturalist-open-data.s3.amazonaws.com/photos/170623697/medium.jpeg,Salvia rosmarinus
https://static.inaturalist.org/photos/170615289/medium.jpeg,Salvia rosmarinus
https://static.inaturalist.org/photos/170627691/medium.jpeg,Salvia rosmarinus
https://inaturalist-open-data.s3.amazonaws.com/photos/170644439/medium.jpeg,Salvia rosmarinus
https://inaturalist-open-data.s3.amazonaws.com/photos/170678244/medium.jpeg,Salvia rosmarinus
https://inaturalist-open-data.s3.amazonaws.com/photos/170717347/medium.jpeg,Salvia rosmarinus
https://inaturalist-open-data.s3.amazonaws.com/photos/170787057/medium.jpg,Salvia rosmarinus
https://inaturalist-open-data.s3.amazonaws.com/photos/170891125/medium.jpg,Salvia rosmarinus
https://static.inaturalist.org/photos/170960174/medium.jpeg,Salvia rosmarinus
https://inaturalist-open-data.s3.amazonaws.com/photos/171057715/medium.jpeg,Salvia rosmarinus
https://inaturalist-open-data.s3.amazonaws.com/photos/171068660/medium.jpg,Salvia rosmarinus
https://static.inaturalist.org/photos/171076188/medium.jpeg,Salvia rosmarinus
https://static.inaturalist.org/photos/171128224/medium.jpeg,Salvia rosmarinus
https://inaturalist-open-data.s3.amazonaws.com/photos/171162167/medium.jpeg,Salvia rosmarinus
https://inaturalist-open-data.s3.amazonaws.com/photos/171277419/medium.jpeg,Salvia rosmarinus
https://inaturalist-open-data.s3.amazonaws.com/photos/171279843/medium.jpeg,Salvia rosmarinus
https://static.inaturalist.org/photos/171291541/medium.jpeg,Salvia rosmarinus
https://inaturalist-open-data.s3.amazonaws.com/photos/171316651/medium.jpg,Salvia rosmarinus
https://static.inaturalist.org/photos/171325518/medium.jpeg,Salvia rosmarinus
https://inaturalist-open-data.s3.amazonaws.com/photos/171394586/medium.jpeg,Salvia rosmarinus
https://static.inaturalist.org/photos/171420187/medium.jpeg,Salvia rosmarinus
https://static.inaturalist.org/photos/171441981/medium.jpeg,Salvia rosmarinus
https://static.inaturalist.org/photos/171598241/medium.jpg,Salvia rosmarinus
https://static.inaturalist.org/photos/171653385/medium.jpeg,Salvia rosmarinus
https://inaturalist-open-data.s3.amazonaws.com/photos/171667947/medium.jpeg,Salvia rosmarinus
https://static.inaturalist.org/photos/171766090/medium.jpeg,Salvia rosmarinus
https://inaturalist-open-data.s3.amazonaws.com/photos/171810325/medium.jpeg,Salvia rosmarinus
https://inaturalist-open-data.s3.amazonaws.com/photos/171810351/medium.jpeg,Salvia rosmarinus
https://inaturalist-open-data.s3.amazonaws.com/photos/171851483/medium.jpg,Salvia rosmarinus
https://inaturalist-open-data.s3.amazonaws.com/photos/171852341/medium.jpg,Salvia rosmarinus
https://inaturalist-open-data.s3.amazonaws.com/photos/171935647/medium.jpeg,Salvia rosmarinus
https://inaturalist-open-data.s3.amazonaws.com/photos/171941448/medium.jpg,Salvia rosmarinus
https://inaturalist-open-data.s3.amazonaws.com/photos/171976284/medium.jpeg,Salvia rosmarinus
https://static.inaturalist.org/photos/171978392/medium.jpeg,Salvia rosmarinus
https://static.inaturalist.org/photos/171978716/medium.jpeg,Salvia rosmarinus
https://inaturalist-open-data.s3.amazonaws.com/photos/172030620/medium.jpeg,Salvia rosmarinus
https://static.inaturalist.org/photos/172044695/medium.jpeg,Salvia rosmarinus
https://static.inaturalist.org/photos/172065158/medium.jpeg,Salvia rosmarinus
https://static.inaturalist.org/photos/172084908/medium.jpg,Salvia rosmarinus
https://inaturalist-open-data.s3.amazonaws.com/photos/172130646/medium.jpeg,Salvia rosmarinus
https://inaturalist-open-data.s3.amazonaws.com/photos/172161014/medium.jpeg,Salvia rosmarinus
https://static.inaturalist.org/photos/172169877/medium.jpg,Salvia rosmarinus
https://inaturalist-open-data.s3.amazonaws.com/photos/172171258/medium.jpg,Salvia rosmarinus
https://inaturalist-open-data.s3.amazonaws.com/photos/172183762/medium.jpeg,Salvia rosmarinus
https://inaturalist-open-data.s3.amazonaws.com/photos/172188269/medium.jpeg,Salvia rosmarinus
https://static.inaturalist.org/photos/172275471/medium.jpg,Salvia rosmarinus
https://static.inaturalist.org/photos/172371632/medium.jpeg,Salvia rosmarinus
https://inaturalist-open-data.s3.amazonaws.com/photos/172519148/medium.jpeg,Salvia rosmarinus
https://inaturalist-open-data.s3.amazonaws.com/photos/172520402/medium.jpeg,Salvia rosmarinus
https://inaturalist-open-data.s3.amazonaws.com/photos/172572303/medium.jpeg,Salvia rosmarinus
https://static.inaturalist.org/photos/172642116/medium.jpg,Salvia rosmarinus
https://inaturalist-open-data.s3.amazonaws.com/photos/172672278/medium.jpeg,Salvia rosmarinus
https://inaturalist-open-data.s3.amazonaws.com/photos/172756361/medium.jpg,Salvia rosmarinus
https://inaturalist-open-data.s3.amazonaws.com/photos/172767921/medium.jpeg,Salvia rosmarinus
https://inaturalist-open-data.s3.amazonaws.com/photos/172767978/medium.jpeg,Salvia rosmarinus
https://inaturalist-open-data.s3.amazonaws.com/photos/172774771/medium.jpeg,Salvia rosmarinus
https://inaturalist-open-data.s3.amazonaws.com/photos/172852377/medium.jpeg,Salvia rosmarinus
https://inaturalist-open-data.s3.amazonaws.com/photos/172892116/medium.jpeg,Salvia rosmarinus
